CTD/CNV/C01.CNV
* Sea-Bird SBE 9 Raw Data File:
* FileName = D:\SS4249\CR1267\C01.DAT
* Software Version 4.249
* Temperature SN = 1572
* Conductivity SN = 1344
* Number of Bytes Per Scan = 38
* Number of Voltage Words = 5
* Number of Scans Averaged by the Deck Unit = 4
* NMEA Latitude = 21 54.16 N
* NMEA Longitude = 120 46.19 E
* NMEA UTC (Time) = Dec 25 2007  07:44:08
** Ship:      OR3
** Cruise:    1267
** Station:   C01
** Latitude:  21-54.194
** Longitude: 120-46.252
** 121M
# nquan = 7
# nvalues = 115                         
# units = metric
# name 0 = pr: pressure [db]
# name 1 = t090: temperature, ITS-90 [deg C]
# name 2 = c0S/m: conductivity [S/m]
# name 3 = sal00: salinity, PSS-78 [PSU]
# name 4 = sigma-é00: density, sigma-theta [kg/m^3]
# name 5 = flag:  0.000e+00
# name 6 = nbin: number of scans per bin
# span 0 = 2.000, 116.000                         
# span 1 = 20.6426, 25.5329                       
# span 2 = 4.794831, 5.258077                     
# span 3 = 34.2208, 34.4556                       
# span 4 = 22.5912, 24.1818                       
# span 5 = 0.0000e+00, 0.0000e+00                 
# span 6 = 3.0000, 13.0000                        
# interval = decibars: 1                                
# start_time = Dec 25 2007 07:44:08
# bad_flag = -9.990e-29
*END*
      2.000    25.5221   5.256012    34.2243    22.5960 0.0000e+00     8.0000
      3.000    25.5178   5.255505    34.2235    22.5968 0.0000e+00     6.0000
      4.000    25.5181   5.255561    34.2234    22.5966 0.0000e+00     7.0000
      5.000    25.5202   5.255670    34.2223    22.5952 0.0000e+00     3.0000
      6.000    25.5206   5.255794    34.2226    22.5954 0.0000e+00     6.0000
      7.000    25.5230   5.256049    34.2223    22.5946 0.0000e+00     5.0000
      8.000    25.5284   5.256577    34.2218    22.5926 0.0000e+00     5.0000
      9.000    25.5302   5.256793    34.2217    22.5920 0.0000e+00     3.0000
     10.000    25.5309   5.256873    34.2215    22.5917 0.0000e+00     4.0000
     11.000    25.5318   5.257061    34.2219    22.5918 0.0000e+00     5.0000
     12.000    25.5329   5.257166    34.2215    22.5912 0.0000e+00     7.0000
     13.000    25.5279   5.256600    34.2208    22.5923 0.0000e+00     6.0000
     14.000    25.5248   5.256442    34.2217    22.5940 0.0000e+00     4.0000
     15.000    25.5266   5.256606    34.2212    22.5932 0.0000e+00     5.0000
     16.000    25.5263   5.256617    34.2212    22.5933 0.0000e+00     8.0000
     17.000    25.5286   5.257003    34.2220    22.5933 0.0000e+00    11.0000
     18.000    25.5289   5.257090    34.2221    22.5933 0.0000e+00     9.0000
     19.000    25.5297   5.257163    34.2217    22.5929 0.0000e+00     3.0000
     20.000    25.5302   5.257610    34.2243    22.5947 0.0000e+00     4.0000
     21.000    25.5304   5.257640    34.2241    22.5946 0.0000e+00     5.0000
     22.000    25.5325   5.257908    34.2242    22.5940 0.0000e+00     5.0000
     23.000    25.5285   5.257847    34.2264    22.5970 0.0000e+00     4.0000
     24.000    25.5296   5.257958    34.2261    22.5965 0.0000e+00     5.0000
     25.000    25.5308   5.258077    34.2258    22.5960 0.0000e+00     5.0000
     26.000    25.5296   5.258037    34.2261    22.5966 0.0000e+00     6.0000
     27.000    25.5294   5.258069    34.2261    22.5968 0.0000e+00     4.0000
     28.000    25.5276   5.257902    34.2260    22.5973 0.0000e+00     3.0000
     29.000    25.5244   5.257781    34.2272    22.5993 0.0000e+00     4.0000
     30.000    25.5162   5.257127    34.2282    22.6027 0.0000e+00     4.0000
     31.000    25.4800   5.255303    34.2418    22.6241 0.0000e+00     5.0000
     32.000    25.4501   5.252799    34.2457    22.6362 0.0000e+00     6.0000
     33.000    25.3740   5.246842    34.2590    22.6696 0.0000e+00     5.0000
     34.000    25.3204   5.241322    34.2586    22.6858 0.0000e+00     5.0000
     35.000    25.2080   5.231523    34.2711    22.7296 0.0000e+00     7.0000
     36.000    25.1489   5.225862    34.2738    22.7496 0.0000e+00     8.0000
     37.000    25.1266   5.223388    34.2721    22.7552 0.0000e+00     6.0000
     38.000    25.1153   5.222176    34.2714    22.7582 0.0000e+00     3.0000
     39.000    25.0819   5.218904    34.2722    22.7690 0.0000e+00     9.0000
     40.000    25.0697   5.217717    34.2724    22.7729 0.0000e+00     9.0000
     41.000    25.0528   5.215890    34.2714    22.7774 0.0000e+00    13.0000
     42.000    25.0321   5.213685    34.2705    22.7830 0.0000e+00     8.0000
     43.000    25.0151   5.212018    34.2707    22.7884 0.0000e+00     6.0000
     44.000    25.0120   5.211647    34.2700    22.7889 0.0000e+00     6.0000
     45.000    24.9701   5.207167    34.2684    22.8004 0.0000e+00     8.0000
     46.000    24.9343   5.203836    34.2706    22.8130 0.0000e+00     9.0000
     47.000    24.9103   5.201683    34.2725    22.8218 0.0000e+00     8.0000
     48.000    24.9027   5.200970    34.2727    22.8243 0.0000e+00     6.0000
     49.000    24.8865   5.199440    34.2734    22.8297 0.0000e+00     6.0000
     50.000    24.8693   5.197769    34.2737    22.8353 0.0000e+00     6.0000
     51.000    24.8537   5.196505    34.2759    22.8417 0.0000e+00     7.0000
     52.000    24.8436   5.195758    34.2777    22.8462 0.0000e+00     9.0000
     53.000    24.8207   5.193234    34.2761    22.8519 0.0000e+00     6.0000
     54.000    24.7739   5.189516    34.2838    22.8719 0.0000e+00    10.0000
     55.000    24.7338   5.185569    34.2847    22.8847 0.0000e+00     6.0000
     56.000    24.6864   5.181542    34.2905    22.9034 0.0000e+00     5.0000
     57.000    24.6719   5.180354    34.2924    22.9093 0.0000e+00     7.0000
     58.000    24.6430   5.177776    34.2949    22.9199 0.0000e+00     6.0000
     59.000    24.6290   5.176190    34.2935    22.9231 0.0000e+00     3.0000
     60.000    24.6133   5.174908    34.2956    22.9295 0.0000e+00     4.0000
     61.000    24.5996   5.173667    34.2965    22.9343 0.0000e+00     6.0000
     62.000    24.5791   5.171764    34.2977    22.9414 0.0000e+00    11.0000
     63.000    24.5694   5.170761    34.2973    22.9441 0.0000e+00     7.0000
     64.000    24.5434   5.168540    34.3002    22.9542 0.0000e+00     7.0000
     65.000    24.5295   5.167211    34.3006    22.9587 0.0000e+00     5.0000
     66.000    24.5107   5.165333    34.3007    22.9644 0.0000e+00     5.0000
     67.000    24.4870   5.163144    34.3021    22.9726 0.0000e+00     4.0000
     68.000    24.4740   5.162095    34.3039    22.9779 0.0000e+00     5.0000
     69.000    24.4625   5.161063    34.3047    22.9820 0.0000e+00     8.0000
     70.000    24.4462   5.159566    34.3056    22.9877 0.0000e+00     7.0000
     71.000    24.4357   5.158720    34.3070    22.9919 0.0000e+00     5.0000
     72.000    24.4282   5.157767    34.3053    22.9930 0.0000e+00     5.0000
     73.000    24.4128   5.155992    34.3035    22.9962 0.0000e+00     6.0000
     74.000    24.3580   5.150466    34.3038    23.0129 0.0000e+00     5.0000
     75.000    24.2917   5.144126    34.3068    23.0349 0.0000e+00     6.0000
     76.000    24.2353   5.139295    34.3135    23.0568 0.0000e+00     9.0000
     77.000    24.1592   5.131241    34.3111    23.0776 0.0000e+00     5.0000
     78.000    24.1143   5.127285    34.3156    23.0944 0.0000e+00     6.0000
     79.000    24.0989   5.125828    34.3161    23.0994 0.0000e+00     6.0000
     80.000    24.0835   5.124293    34.3161    23.1040 0.0000e+00     5.0000
     81.000    24.0790   5.123904    34.3163    23.1056 0.0000e+00     5.0000
     82.000    24.0793   5.124060    34.3170    23.1060 0.0000e+00     4.0000
     83.000    24.0738   5.123422    34.3161    23.1070 0.0000e+00     6.0000
     84.000    24.0639   5.122466    34.3162    23.1101 0.0000e+00     6.0000
     85.000    24.0578   5.121860    34.3160    23.1118 0.0000e+00     7.0000
     86.000    24.0528   5.121486    34.3167    23.1139 0.0000e+00     8.0000
     87.000    24.0386   5.119830    34.3148    23.1167 0.0000e+00     7.0000
     88.000    24.0162   5.117714    34.3158    23.1241 0.0000e+00     5.0000
     89.000    23.9765   5.112304    34.3053    23.1279 0.0000e+00     5.0000
     90.000    23.8642   5.101402    34.3092    23.1640 0.0000e+00     4.0000
     91.000    23.8021   5.096231    34.3177    23.1887 0.0000e+00     4.0000
     92.000    23.7499   5.091515    34.3220    23.2073 0.0000e+00     5.0000
     93.000    23.7271   5.089801    34.3263    23.2174 0.0000e+00     7.0000
     94.000    23.6932   5.086280    34.3255    23.2267 0.0000e+00     9.0000
     95.000    23.5700   5.074373    34.3301    23.2663 0.0000e+00     7.0000
     96.000    23.5006   5.066560    34.3242    23.2821 0.0000e+00     6.0000
     97.000    23.1853   5.026521    34.2630    23.3271 0.0000e+00     5.0000
     98.000    22.2033   4.928250    34.2720    23.6133 0.0000e+00     4.0000
     99.000    21.7812   4.899127    34.3777    23.8113 0.0000e+00     6.0000
    100.000    21.7063   4.893824    34.3952    23.8454 0.0000e+00     7.0000
    101.000    21.6887   4.892029    34.3948    23.8500 0.0000e+00     5.0000
    102.000    21.6800   4.891149    34.3944    23.8522 0.0000e+00     4.0000
    103.000    21.5640   4.879027    34.3909    23.8816 0.0000e+00     6.0000
    104.000    21.3844   4.862978    34.4070    23.9432 0.0000e+00    11.0000
    105.000    21.2540   4.849916    34.4074    23.9792 0.0000e+00     5.0000
    106.000    21.0221   4.827200    34.4123    24.0460 0.0000e+00     8.0000
    107.000    20.9572   4.822824    34.4292    24.0765 0.0000e+00     7.0000
    108.000    20.9637   4.823557    34.4295    24.0751 0.0000e+00     5.0000
    109.000    20.9594   4.823391    34.4313    24.0776 0.0000e+00     8.0000
    110.000    20.9540   4.823178    34.4336    24.0809 0.0000e+00     7.0000
    111.000    20.9415   4.822016    34.4340    24.0847 0.0000e+00     5.0000
    112.000    20.9394   4.822055    34.4357    24.0866 0.0000e+00     7.0000
    113.000    20.9367   4.821789    34.4354    24.0871 0.0000e+00     8.0000
    114.000    20.8842   4.817062    34.4396    24.1045 0.0000e+00     6.0000
    115.000    20.7699   4.804094    34.4275    24.1261 0.0000e+00     6.0000
    116.000    20.6426   4.794831    34.4556    24.1818 0.0000e+00     3.0000
