CTD/CNV/C02.CNV
* Sea-Bird SBE 9 Raw Data File:
* FileName = D:\SS4249\CR1267\C02.DAT
* Software Version 4.249
* Temperature SN = 1572
* Conductivity SN = 1344
* Number of Bytes Per Scan = 38
* Number of Voltage Words = 5
* Number of Scans Averaged by the Deck Unit = 4
* NMEA Latitude = 21 54.30 N
* NMEA Longitude = 120 46.12 E
* NMEA UTC (Time) = Dec 25 2007  08:58:12
** Ship:      OR3
** Cruise:    1267
** Station:   C02
** Latitude:  21-54.324
** Longitude: 120-46.190
** 116M
# nquan = 7
# nvalues = 112                         
# units = metric
# name 0 = pr: pressure [db]
# name 1 = t090: temperature, ITS-90 [deg C]
# name 2 = c0S/m: conductivity [S/m]
# name 3 = sal00: salinity, PSS-78 [PSU]
# name 4 = sigma-é00: density, sigma-theta [kg/m^3]
# name 5 = flag:  0.000e+00
# name 6 = nbin: number of scans per bin
# span 0 = 1.000, 112.000                         
# span 1 = 19.8186, 25.5430                       
# span 2 = 4.709565, 5.258540                     
# span 3 = 34.2207, 34.4359                       
# span 4 = 22.5882, 24.3844                       
# span 5 = 0.0000e+00, 0.0000e+00                 
# span 6 = 2.0000, 15.0000                        
# interval = decibars: 1                                
# start_time = Dec 25 2007 08:58:12
# bad_flag = -9.990e-29
*END*
      1.000    25.5268   5.256042    34.2213    22.5922 0.0000e+00     2.0000
      2.000    25.5325   5.256734    34.2217    22.5909 0.0000e+00    14.0000
      3.000    25.5345   5.256925    34.2213    22.5900 0.0000e+00    11.0000
      4.000    25.5352   5.257017    34.2212    22.5897 0.0000e+00    13.0000
      5.000    25.5269   5.256222    34.2213    22.5924 0.0000e+00    11.0000
      6.000    25.5252   5.256129    34.2216    22.5932 0.0000e+00    11.0000
      7.000    25.5297   5.256638    34.2216    22.5919 0.0000e+00    14.0000
      8.000    25.5350   5.257143    34.2210    22.5899 0.0000e+00     9.0000
      9.000    25.5320   5.256890    34.2211    22.5910 0.0000e+00    15.0000
     10.000    25.5362   5.257328    34.2208    22.5896 0.0000e+00    15.0000
     11.000    25.5371   5.257443    34.2207    22.5893 0.0000e+00    13.0000
     12.000    25.5355   5.257345    34.2209    22.5900 0.0000e+00     9.0000
     13.000    25.5360   5.257480    34.2212    22.5901 0.0000e+00     8.0000
     14.000    25.5369   5.257583    34.2209    22.5897 0.0000e+00    15.0000
     15.000    25.5430   5.258301    34.2213    22.5882 0.0000e+00    10.0000
     16.000    25.5382   5.257806    34.2210    22.5895 0.0000e+00    15.0000
     17.000    25.5352   5.257570    34.2212    22.5906 0.0000e+00    13.0000
     18.000    25.5396   5.258168    34.2220    22.5899 0.0000e+00     8.0000
     19.000    25.5403   5.258438    34.2231    22.5906 0.0000e+00    11.0000
     20.000    25.5379   5.258483    34.2249    22.5928 0.0000e+00    13.0000
     21.000    25.5385   5.258540    34.2246    22.5924 0.0000e+00     9.0000
     22.000    25.5331   5.258292    34.2265    22.5956 0.0000e+00    14.0000
     23.000    25.5230   5.257442    34.2276    22.5996 0.0000e+00     8.0000
     24.000    25.4991   5.255755    34.2329    22.6110 0.0000e+00     8.0000
     25.000    25.4519   5.251865    34.2396    22.6306 0.0000e+00    13.0000
     26.000    25.3731   5.244578    34.2452    22.6590 0.0000e+00     7.0000
     27.000    25.2139   5.231557    34.2693    22.7259 0.0000e+00     8.0000
     28.000    25.1712   5.227896    34.2744    22.7428 0.0000e+00     7.0000
     29.000    25.0651   5.217974    34.2812    22.7803 0.0000e+00     9.0000
     30.000    24.9482   5.207072    34.2890    22.8216 0.0000e+00    11.0000
     31.000    24.9094   5.203441    34.2912    22.8351 0.0000e+00     7.0000
     32.000    24.8154   5.194564    34.2966    22.8676 0.0000e+00     6.0000
     33.000    24.7383   5.185905    34.2906    22.8864 0.0000e+00     4.0000
     34.000    24.6598   5.179007    34.2988    22.9163 0.0000e+00     6.0000
     35.000    24.5772   5.170823    34.3006    22.9424 0.0000e+00     7.0000
     36.000    24.4733   5.160667    34.3039    22.9761 0.0000e+00     6.0000
     37.000    24.4242   5.155552    34.3029    22.9901 0.0000e+00     6.0000
     38.000    24.4077   5.154273    34.3056    22.9971 0.0000e+00     8.0000
     39.000    24.4062   5.154185    34.3058    22.9978 0.0000e+00     6.0000
     40.000    24.4065   5.154264    34.3058    22.9978 0.0000e+00     5.0000
     41.000    24.4028   5.153808    34.3049    22.9983 0.0000e+00     5.0000
     42.000    24.3890   5.152392    34.3046    23.0022 0.0000e+00     4.0000
     43.000    24.3697   5.150587    34.3056    23.0087 0.0000e+00     5.0000
     44.000    24.3659   5.150413    34.3068    23.0109 0.0000e+00     6.0000
     45.000    24.3669   5.150593    34.3071    23.0109 0.0000e+00    11.0000
     46.000    24.3595   5.149917    34.3074    23.0134 0.0000e+00     7.0000
     47.000    24.3571   5.149726    34.3075    23.0142 0.0000e+00     4.0000
     48.000    24.3558   5.149615    34.3073    23.0145 0.0000e+00     5.0000
     49.000    24.3534   5.149414    34.3074    23.0153 0.0000e+00     5.0000
     50.000    24.3531   5.149457    34.3076    23.0157 0.0000e+00     5.0000
     51.000    24.3530   5.149518    34.3078    23.0159 0.0000e+00     5.0000
     52.000    24.3528   5.149532    34.3078    23.0160 0.0000e+00     5.0000
     53.000    24.3532   5.149626    34.3078    23.0160 0.0000e+00     6.0000
     54.000    24.3533   5.149669    34.3078    23.0160 0.0000e+00     5.0000
     55.000    24.3524   5.149621    34.3078    23.0163 0.0000e+00     6.0000
     56.000    24.3491   5.149294    34.3075    23.0172 0.0000e+00     7.0000
     57.000    24.3494   5.149401    34.3078    23.0174 0.0000e+00     6.0000
     58.000    24.3491   5.149393    34.3077    23.0174 0.0000e+00     6.0000
     59.000    24.3481   5.149263    34.3071    23.0174 0.0000e+00     6.0000
     60.000    24.3476   5.149264    34.3072    23.0176 0.0000e+00     5.0000
     61.000    24.3476   5.149285    34.3070    23.0176 0.0000e+00     4.0000
     62.000    24.3479   5.149410    34.3074    23.0178 0.0000e+00     5.0000
     63.000    24.3496   5.149649    34.3076    23.0175 0.0000e+00     6.0000
     64.000    24.3491   5.149497    34.3065    23.0169 0.0000e+00     6.0000
     65.000    24.3474   5.149167    34.3050    23.0164 0.0000e+00     8.0000
     66.000    24.3459   5.148902    34.3039    23.0160 0.0000e+00    12.0000
     67.000    24.3413   5.148417    34.3035    23.0171 0.0000e+00     7.0000
     68.000    24.3402   5.148273    34.3029    23.0171 0.0000e+00     6.0000
     69.000    24.3402   5.148390    34.3035    23.0176 0.0000e+00     7.0000
     70.000    24.3369   5.147948    34.3024    23.0178 0.0000e+00     6.0000
     71.000    24.3362   5.147816    34.3016    23.0175 0.0000e+00     5.0000
     72.000    24.1737   5.128074    34.2778    23.0478 0.0000e+00     6.0000
     73.000    23.7869   5.092583    34.3075    23.1844 0.0000e+00     6.0000
     74.000    23.5667   5.071326    34.3163    23.2555 0.0000e+00     8.0000
     75.000    23.4039   5.056084    34.3262    23.3104 0.0000e+00    10.0000
     76.000    23.2477   5.041501    34.3359    23.3631 0.0000e+00    11.0000
     77.000    23.1236   5.029402    34.3396    23.4018 0.0000e+00     6.0000
     78.000    23.0343   5.020518    34.3408    23.4285 0.0000e+00     5.0000
     79.000    22.9250   5.009681    34.3426    23.4612 0.0000e+00     5.0000
     80.000    22.8414   5.003045    34.3566    23.4958 0.0000e+00     6.0000
     81.000    22.7987   4.998430    34.3541    23.5062 0.0000e+00     5.0000
     82.000    22.7190   4.991602    34.3636    23.5361 0.0000e+00     8.0000
     83.000    22.6898   4.988920    34.3655    23.5459 0.0000e+00     7.0000
     84.000    22.6532   4.985546    34.3678    23.5582 0.0000e+00     9.0000
     85.000    22.6066   4.981195    34.3704    23.5734 0.0000e+00     8.0000
     86.000    22.4629   4.966099    34.3661    23.6109 0.0000e+00     6.0000
     87.000    22.3595   4.957738    34.3823    23.6525 0.0000e+00     7.0000
     88.000    22.2966   4.949925    34.3707    23.6615 0.0000e+00     4.0000
     89.000    22.2373   4.946124    34.3876    23.6910 0.0000e+00     4.0000
     90.000    22.1727   4.938715    34.3805    23.7039 0.0000e+00     4.0000
     91.000    22.1256   4.935379    34.3914    23.7254 0.0000e+00     6.0000
     92.000    22.1234   4.935615    34.3947    23.7285 0.0000e+00     8.0000
     93.000    22.1145   4.934668    34.3940    23.7305 0.0000e+00    10.0000
     94.000    22.0514   4.928361    34.3943    23.7485 0.0000e+00     6.0000
     95.000    22.0006   4.923333    34.3949    23.7632 0.0000e+00     5.0000
     96.000    21.9446   4.918363    34.4000    23.7827 0.0000e+00     6.0000
     97.000    21.9180   4.916231    34.4041    23.7933 0.0000e+00     6.0000
     98.000    21.9135   4.915701    34.4032    23.7939 0.0000e+00     6.0000
     99.000    21.9187   4.916446    34.4046    23.7935 0.0000e+00     6.0000
    100.000    21.9107   4.915480    34.4030    23.7946 0.0000e+00     5.0000
    101.000    21.8626   4.910172    34.3992    23.8052 0.0000e+00     5.0000
    102.000    21.8086   4.905911    34.4083    23.8272 0.0000e+00     8.0000
    103.000    21.7962   4.904696    34.4083    23.8306 0.0000e+00     7.0000
    104.000    21.7877   4.903863    34.4082    23.8329 0.0000e+00     5.0000
    105.000    21.7096   4.894122    34.3933    23.8433 0.0000e+00     6.0000
    106.000    21.2478   4.849298    34.4071    23.9808 0.0000e+00     7.0000
    107.000    21.0880   4.835856    34.4281    24.0402 0.0000e+00     6.0000
    108.000    21.0630   4.833980    34.4329    24.0507 0.0000e+00     7.0000
    109.000    20.9533   4.820035    34.4093    24.0626 0.0000e+00     5.0000
    110.000    20.5790   4.782606    34.4107    24.1642 0.0000e+00     5.0000
    111.000    20.1674   4.743042    34.4244    24.2840 0.0000e+00     5.0000
    112.000    19.8186   4.709565    34.4359    24.3844 0.0000e+00     6.0000
