CTD/CNV/C03.CNV
* Sea-Bird SBE 9 Raw Data File:
* FileName = D:\SS4249\CR1267\C03.DAT
* Software Version 4.249
* Temperature SN = 1572
* Conductivity SN = 1344
* Number of Bytes Per Scan = 38
* Number of Voltage Words = 5
* Number of Scans Averaged by the Deck Unit = 4
* NMEA Latitude = 21 54.27 N
* NMEA Longitude = 120 46.29 E
* NMEA UTC (Time) = Dec 25 2007  10:04:49
** Ship:      OR3
** Cruise:    1267
** Station:   C03
** Latitude:  21-54.285
** Longitude: 120-46.355
** 119M
# nquan = 7
# nvalues = 113                         
# units = metric
# name 0 = pr: pressure [db]
# name 1 = t090: temperature, ITS-90 [deg C]
# name 2 = c0S/m: conductivity [S/m]
# name 3 = sal00: salinity, PSS-78 [PSU]
# name 4 = sigma-é00: density, sigma-theta [kg/m^3]
# name 5 = flag:  0.000e+00
# name 6 = nbin: number of scans per bin
# span 0 = 3.000, 115.000                         
# span 1 = 18.7167, 25.5407                       
# span 2 = 4.605093, 5.257870                     
# span 3 = 34.2163, 34.4958                       
# span 4 = 22.5860, 24.7009                       
# span 5 = 0.0000e+00, 0.0000e+00                 
# span 6 = 2.0000, 7.0000                         
# interval = decibars: 1                                
# start_time = Dec 25 2007 10:04:49
# bad_flag = -9.990e-29
*END*
      3.000    25.5352   5.256315    34.2163    22.5860 0.0000e+00     7.0000
      4.000    25.5338   5.256429    34.2179    22.5877 0.0000e+00     7.0000
      5.000    25.5386   5.257062    34.2186    22.5868 0.0000e+00     5.0000
      6.000    25.5329   5.256272    34.2168    22.5873 0.0000e+00     7.0000
      7.000    25.5257   5.255748    34.2181    22.5905 0.0000e+00     7.0000
      8.000    25.5245   5.255642    34.2179    22.5908 0.0000e+00     5.0000
      9.000    25.5243   5.255726    34.2184    22.5913 0.0000e+00     4.0000
     10.000    25.5287   5.256153    34.2179    22.5896 0.0000e+00     3.0000
     11.000    25.5276   5.256190    34.2187    22.5906 0.0000e+00     3.0000
     12.000    25.5303   5.256389    34.2178    22.5892 0.0000e+00     4.0000
     13.000    25.5331   5.256809    34.2184    22.5889 0.0000e+00     4.0000
     14.000    25.5361   5.257035    34.2175    22.5874 0.0000e+00     4.0000
     15.000    25.5364   5.257113    34.2176    22.5874 0.0000e+00     3.0000
     16.000    25.5375   5.257292    34.2177    22.5873 0.0000e+00     4.0000
     17.000    25.5375   5.257409    34.2183    22.5877 0.0000e+00     3.0000
     18.000    25.5397   5.257565    34.2175    22.5865 0.0000e+00     5.0000
     19.000    25.5397   5.257581    34.2173    22.5864 0.0000e+00     4.0000
     20.000    25.5404   5.257732    34.2176    22.5865 0.0000e+00     3.0000
     21.000    25.5407   5.257802    34.2175    22.5864 0.0000e+00     3.0000
     22.000    25.5407   5.257870    34.2177    22.5867 0.0000e+00     4.0000
     23.000    25.5398   5.257694    34.2168    22.5863 0.0000e+00     3.0000
     24.000    25.5347   5.257257    34.2171    22.5882 0.0000e+00     4.0000
     25.000    25.5356   5.257393    34.2171    22.5880 0.0000e+00     4.0000
     26.000    25.5362   5.257511    34.2172    22.5880 0.0000e+00     4.0000
     27.000    25.5341   5.257346    34.2173    22.5887 0.0000e+00     4.0000
     28.000    25.5293   5.257294    34.2202    22.5925 0.0000e+00     4.0000
     29.000    25.5283   5.257373    34.2213    22.5936 0.0000e+00     5.0000
     30.000    25.5284   5.257738    34.2235    22.5954 0.0000e+00     3.0000
     31.000    25.5292   5.257779    34.2229    22.5947 0.0000e+00     4.0000
     32.000    25.5236   5.257423    34.2242    22.5975 0.0000e+00     4.0000
     33.000    25.4991   5.255660    34.2294    22.6090 0.0000e+00     3.0000
     34.000    25.4637   5.254044    34.2439    22.6309 0.0000e+00     3.0000
     35.000    25.4563   5.253660    34.2464    22.6351 0.0000e+00     3.0000
     36.000    25.4679   5.254731    34.2452    22.6307 0.0000e+00     3.0000
     37.000    25.4797   5.255123    34.2389    22.6223 0.0000e+00     4.0000
     38.000    25.4249   5.251108    34.2504    22.6479 0.0000e+00     4.0000
     39.000    25.3743   5.248172    34.2667    22.6758 0.0000e+00     3.0000
     40.000    25.3444   5.245414    34.2687    22.6865 0.0000e+00     5.0000
     41.000    25.2481   5.237597    34.2836    22.7272 0.0000e+00     4.0000
     42.000    25.2034   5.234266    34.2926    22.7477 0.0000e+00     4.0000
     43.000    25.1675   5.231130    34.2963    22.7615 0.0000e+00     4.0000
     44.000    25.1516   5.229679    34.2974    22.7672 0.0000e+00     4.0000
     45.000    25.0671   5.219312    34.2846    22.7833 0.0000e+00     4.0000
     46.000    24.9898   5.213704    34.3014    22.8195 0.0000e+00     4.0000
     47.000    24.9404   5.207993    34.2964    22.8307 0.0000e+00     3.0000
     48.000    24.9104   5.206253    34.3060    22.8471 0.0000e+00     3.0000
     49.000    24.9106   5.206403    34.3066    22.8476 0.0000e+00     4.0000
     50.000    24.9027   5.205223    34.3036    22.8477 0.0000e+00     3.0000
     51.000    24.8705   5.201898    34.3031    22.8572 0.0000e+00     4.0000
     52.000    24.8275   5.197774    34.3049    22.8716 0.0000e+00     4.0000
     53.000    24.7829   5.192644    34.3005    22.8817 0.0000e+00     4.0000
     54.000    24.6833   5.182568    34.3011    22.9122 0.0000e+00     4.0000
     55.000    24.6314   5.178249    34.3083    22.9333 0.0000e+00     4.0000
     56.000    24.6362   5.178741    34.3079    22.9317 0.0000e+00     3.0000
     57.000    24.6252   5.177625    34.3077    22.9349 0.0000e+00     3.0000
     58.000    24.5733   5.170256    34.2921    22.9387 0.0000e+00     3.0000
     59.000    24.5425   5.168308    34.3008    22.9545 0.0000e+00     5.0000
     60.000    24.5337   5.167448    34.3008    22.9572 0.0000e+00     4.0000
     61.000    24.5133   5.165262    34.2997    22.9626 0.0000e+00     6.0000
     62.000    24.5254   5.167494    34.3068    22.9644 0.0000e+00     3.0000
     63.000    24.5379   5.168402    34.3037    22.9584 0.0000e+00     4.0000
     64.000    24.5282   5.167437    34.3036    22.9613 0.0000e+00     4.0000
     65.000    24.5276   5.167486    34.3041    22.9619 0.0000e+00     4.0000
     66.000    24.5252   5.167117    34.3029    22.9617 0.0000e+00     3.0000
     67.000    24.5151   5.165599    34.2990    22.9619 0.0000e+00     3.0000
     68.000    24.5071   5.164689    34.2980    22.9636 0.0000e+00     4.0000
     69.000    24.4938   5.162687    34.2929    22.9638 0.0000e+00     4.0000
     70.000    24.4395   5.156601    34.2886    22.9768 0.0000e+00     4.0000
     71.000    24.3950   5.150854    34.2794    22.9831 0.0000e+00     4.0000
     72.000    24.3360   5.145534    34.2844    23.0046 0.0000e+00     4.0000
     73.000    24.3240   5.144725    34.2872    23.0103 0.0000e+00     5.0000
     74.000    24.3198   5.144391    34.2876    23.0120 0.0000e+00     3.0000
     75.000    24.2934   5.141694    34.2873    23.0196 0.0000e+00     7.0000
     76.000    24.2694   5.139518    34.2890    23.0282 0.0000e+00     5.0000
     77.000    24.2593   5.138902    34.2918    23.0333 0.0000e+00     5.0000
     78.000    24.2467   5.137410    34.2900    23.0358 0.0000e+00     3.0000
     79.000    24.2209   5.134205    34.2854    23.0400 0.0000e+00     3.0000
     80.000    24.1658   5.129107    34.2891    23.0592 0.0000e+00     3.0000
     81.000    24.1320   5.126896    34.2981    23.0761 0.0000e+00     3.0000
     82.000    24.1030   5.124303    34.3006    23.0866 0.0000e+00     4.0000
     83.000    24.0686   5.121006    34.3019    23.0978 0.0000e+00     4.0000
     84.000    24.0108   5.115764    34.3065    23.1185 0.0000e+00     4.0000
     85.000    23.9658   5.111835    34.3112    23.1354 0.0000e+00     4.0000
     86.000    23.9449   5.109793    34.3116    23.1419 0.0000e+00     3.0000
     87.000    23.9149   5.107007    34.3134    23.1521 0.0000e+00     5.0000
     88.000    23.8934   5.105304    34.3168    23.1611 0.0000e+00     3.0000
     89.000    23.8733   5.103406    34.3176    23.1677 0.0000e+00     6.0000
     90.000    23.8489   5.100947    34.3175    23.1748 0.0000e+00     2.0000
     91.000    23.7881   5.094255    34.3135    23.1897 0.0000e+00     4.0000
     92.000    23.7044   5.086361    34.3181    23.2177 0.0000e+00     3.0000
     93.000    23.5477   5.069974    34.3146    23.2609 0.0000e+00     5.0000
     94.000    23.3364   5.053468    34.3525    23.3511 0.0000e+00     4.0000
     95.000    23.1735   5.038258    34.3628    23.4060 0.0000e+00     5.0000
     96.000    23.0228   5.026313    34.3885    23.4689 0.0000e+00     4.0000
     97.000    22.9580   5.015228    34.3536    23.4612 0.0000e+00     3.0000
     98.000    22.4299   4.953304    34.2886    23.5622 0.0000e+00     3.0000
     99.000    21.8819   4.904377    34.3390    23.7539 0.0000e+00     4.0000
    100.000    21.6472   4.888065    34.3969    23.8631 0.0000e+00     3.0000
    101.000    21.6114   4.885391    34.4040    23.8784 0.0000e+00     4.0000
    102.000    21.5926   4.883671    34.4051    23.8845 0.0000e+00     4.0000
    103.000    21.5618   4.880457    34.4040    23.8921 0.0000e+00     4.0000
    104.000    21.4711   4.870602    34.3981    23.9127 0.0000e+00     4.0000
    105.000    21.2871   4.849877    34.3805    23.9498 0.0000e+00     4.0000
    106.000    20.3855   4.757059    34.3624    24.1788 0.0000e+00     4.0000
    107.000    20.3008   4.757212    34.4322    24.2545 0.0000e+00     4.0000
    108.000    20.2659   4.754904    34.4416    24.2709 0.0000e+00     3.0000
    109.000    20.2754   4.754834    34.4329    24.2619 0.0000e+00     3.0000
    110.000    20.1401   4.740879    34.4294    24.2950 0.0000e+00     4.0000
    111.000    19.7394   4.685176    34.3010    24.3020 0.0000e+00     3.0000
    112.000    19.1196   4.638499    34.4252    24.5565 0.0000e+00     4.0000
    113.000    18.8559   4.614126    34.4405    24.6352 0.0000e+00     4.0000
    114.000    18.7167   4.605093    34.4805    24.7009 0.0000e+00     5.0000
    115.000    18.8990   4.625113    34.4958    24.6666 0.0000e+00     3.0000
