CTD/CNV/C04.CNV
* Sea-Bird SBE 9 Raw Data File:
* FileName = D:\SS4249\CR1267\C04.DAT
* Software Version 4.249
* Temperature SN = 1572
* Conductivity SN = 1344
* Number of Bytes Per Scan = 38
* Number of Voltage Words = 5
* Number of Scans Averaged by the Deck Unit = 4
* NMEA Latitude = 21 54.33 N
* NMEA Longitude = 120 46.22 E
* NMEA UTC (Time) = Dec 25 2007  11:06:33
** Ship:      OR3
** Cruise:    1267
** Station:   C04
** Latitude:  21-54.334
** Longitude: 120-46.281
** 115M
# nquan = 7
# nvalues = 110                         
# units = metric
# name 0 = pr: pressure [db]
# name 1 = t090: temperature, ITS-90 [deg C]
# name 2 = c0S/m: conductivity [S/m]
# name 3 = sal00: salinity, PSS-78 [PSU]
# name 4 = sigma-é00: density, sigma-theta [kg/m^3]
# name 5 = flag:  0.000e+00
# name 6 = nbin: number of scans per bin
# span 0 = 3.000, 112.000                         
# span 1 = 20.6409, 25.5042                       
# span 2 = 4.790547, 5.255360                     
# span 3 = 34.2260, 34.4442                       
# span 4 = 22.6041, 24.1691                       
# span 5 = 0.0000e+00, 0.0000e+00                 
# span 6 = 2.0000, 8.0000                         
# interval = decibars: 1                                
# start_time = Dec 25 2007 11:06:33
# bad_flag = -9.990e-29
*END*
      3.000    25.4986   5.253929    34.2264    22.6048 0.0000e+00     5.0000
      4.000    25.4879   5.252820    34.2260    22.6079 0.0000e+00     4.0000
      5.000    25.4893   5.253110    34.2268    22.6081 0.0000e+00     4.0000
      6.000    25.4901   5.253248    34.2269    22.6080 0.0000e+00     7.0000
      7.000    25.4921   5.253375    34.2260    22.6068 0.0000e+00     3.0000
      8.000    25.4954   5.253922    34.2272    22.6068 0.0000e+00     4.0000
      9.000    25.4987   5.254300    34.2272    22.6058 0.0000e+00     4.0000
     10.000    25.5027   5.254687    34.2267    22.6043 0.0000e+00     6.0000
     11.000    25.5027   5.254693    34.2264    22.6041 0.0000e+00     8.0000
     12.000    25.5008   5.254602    34.2269    22.6051 0.0000e+00     5.0000
     13.000    25.5007   5.254599    34.2266    22.6050 0.0000e+00     4.0000
     14.000    25.4995   5.254501    34.2265    22.6054 0.0000e+00     5.0000
     15.000    25.4974   5.254343    34.2266    22.6062 0.0000e+00     6.0000
     16.000    25.4984   5.254523    34.2269    22.6061 0.0000e+00     4.0000
     17.000    25.4995   5.254672    34.2268    22.6058 0.0000e+00     3.0000
     18.000    25.5015   5.255047    34.2278    22.6060 0.0000e+00     3.0000
     19.000    25.5035   5.255204    34.2271    22.6050 0.0000e+00     4.0000
     20.000    25.5037   5.255235    34.2269    22.6048 0.0000e+00     3.0000
     21.000    25.5039   5.255272    34.2267    22.6046 0.0000e+00     3.0000
     22.000    25.5042   5.255360    34.2268    22.6047 0.0000e+00     3.0000
     23.000    25.4992   5.255099    34.2283    22.6075 0.0000e+00     4.0000
     24.000    25.4702   5.253433    34.2376    22.6235 0.0000e+00     3.0000
     25.000    25.4361   5.251990    34.2524    22.6451 0.0000e+00     4.0000
     26.000    25.4319   5.251840    34.2542    22.6478 0.0000e+00     3.0000
     27.000    25.4327   5.251969    34.2542    22.6477 0.0000e+00     4.0000
     28.000    25.4339   5.252055    34.2536    22.6469 0.0000e+00     4.0000
     29.000    25.4313   5.251929    34.2544    22.6483 0.0000e+00     4.0000
     30.000    25.4238   5.251554    34.2570    22.6527 0.0000e+00     7.0000
     31.000    25.3490   5.247270    34.2816    22.6942 0.0000e+00     4.0000
     32.000    25.2757   5.241483    34.2941    22.7261 0.0000e+00     4.0000
     33.000    25.2045   5.235780    34.3057    22.7566 0.0000e+00     3.0000
     34.000    25.1773   5.233100    34.3062    22.7654 0.0000e+00     4.0000
     35.000    25.1538   5.230851    34.3071    22.7733 0.0000e+00     3.0000
     36.000    25.1398   5.229636    34.3085    22.7786 0.0000e+00     4.0000
     37.000    25.1241   5.227938    34.3075    22.7828 0.0000e+00     4.0000
     38.000    25.1055   5.225895    34.3062    22.7875 0.0000e+00     3.0000
     39.000    25.0841   5.223563    34.3049    22.7931 0.0000e+00     3.0000
     40.000    25.0813   5.223433    34.3058    22.7946 0.0000e+00     3.0000
     41.000    25.0714   5.222249    34.3043    22.7966 0.0000e+00     4.0000
     42.000    25.0556   5.220830    34.3054    22.8023 0.0000e+00     3.0000
     43.000    25.0547   5.220860    34.3060    22.8031 0.0000e+00     4.0000
     44.000    25.0458   5.219871    34.3052    22.8052 0.0000e+00     5.0000
     45.000    25.0361   5.219026    34.3060    22.8088 0.0000e+00     4.0000
     46.000    25.0298   5.218625    34.3075    22.8119 0.0000e+00     4.0000
     47.000    25.0283   5.218670    34.3086    22.8133 0.0000e+00     4.0000
     48.000    25.0284   5.218832    34.3094    22.8140 0.0000e+00     4.0000
     49.000    25.0265   5.218789    34.3103    22.8152 0.0000e+00     4.0000
     50.000    25.0124   5.217758    34.3130    22.8217 0.0000e+00     3.0000
     51.000    24.9899   5.215782    34.3152    22.8302 0.0000e+00     4.0000
     52.000    24.9434   5.211755    34.3204    22.8483 0.0000e+00     5.0000
     53.000    24.9127   5.209404    34.3260    22.8618 0.0000e+00     4.0000
     54.000    24.8923   5.207391    34.3263    22.8683 0.0000e+00     3.0000
     55.000    24.8667   5.205340    34.3303    22.8791 0.0000e+00     4.0000
     56.000    24.8404   5.202790    34.3311    22.8877 0.0000e+00     4.0000
     57.000    24.8137   5.201070    34.3383    22.9013 0.0000e+00     3.0000
     58.000    24.8051   5.200293    34.3388    22.9043 0.0000e+00     4.0000
     59.000    24.7903   5.199246    34.3420    22.9112 0.0000e+00     3.0000
     60.000    24.7896   5.199162    34.3416    22.9112 0.0000e+00     4.0000
     61.000    24.7589   5.196319    34.3435    22.9220 0.0000e+00     3.0000
     62.000    24.7200   5.193095    34.3489    22.9379 0.0000e+00     4.0000
     63.000    24.6996   5.191310    34.3509    22.9456 0.0000e+00     4.0000
     64.000    24.6666   5.188494    34.3548    22.9585 0.0000e+00     4.0000
     65.000    24.6549   5.187885    34.3589    22.9652 0.0000e+00     4.0000
     66.000    24.6291   5.185563    34.3610    22.9746 0.0000e+00     5.0000
     67.000    24.5422   5.176947    34.3629    23.0021 0.0000e+00     4.0000
     68.000    24.4870   5.171853    34.3668    23.0216 0.0000e+00     5.0000
     69.000    24.4146   5.163288    34.3580    23.0366 0.0000e+00     4.0000
     70.000    24.3854   5.160787    34.3613    23.0479 0.0000e+00     4.0000
     71.000    24.3705   5.158742    34.3571    23.0493 0.0000e+00     4.0000
     72.000    24.3572   5.157333    34.3565    23.0528 0.0000e+00     3.0000
     73.000    24.3252   5.152837    34.3470    23.0552 0.0000e+00     3.0000
     74.000    24.2849   5.149233    34.3506    23.0700 0.0000e+00     3.0000
     75.000    24.2634   5.147836    34.3563    23.0808 0.0000e+00     4.0000
     76.000    24.2612   5.147586    34.3558    23.0811 0.0000e+00     3.0000
     77.000    24.2582   5.147673    34.3585    23.0841 0.0000e+00     4.0000
     78.000    24.2506   5.147010    34.3590    23.0868 0.0000e+00     6.0000
     79.000    24.2089   5.142711    34.3585    23.0988 0.0000e+00     4.0000
     80.000    24.1881   5.141023    34.3615    23.1073 0.0000e+00     4.0000
     81.000    24.1676   5.138802    34.3602    23.1125 0.0000e+00     4.0000
     82.000    24.1252   5.134019    34.3566    23.1224 0.0000e+00     4.0000
     83.000    23.9861   5.117719    34.3406    23.1515 0.0000e+00     4.0000
     84.000    23.9203   5.112759    34.3536    23.1808 0.0000e+00     4.0000
     85.000    23.8733   5.109438    34.3645    23.2029 0.0000e+00     3.0000
     86.000    23.8571   5.110799    34.3870    23.2247 0.0000e+00     4.0000
     87.000    23.6034   5.082373    34.3676    23.2845 0.0000e+00     4.0000
     88.000    23.4027   5.069967    34.4288    23.3893 0.0000e+00     4.0000
     89.000    23.3931   5.068042    34.4213    23.3864 0.0000e+00     4.0000
     90.000    23.3052   5.057454    34.4086    23.4024 0.0000e+00     4.0000
     91.000    23.2406   5.051006    34.4093    23.4217 0.0000e+00     4.0000
     92.000    23.1874   5.046078    34.4128    23.4397 0.0000e+00     5.0000
     93.000    23.1276   5.040424    34.4159    23.4594 0.0000e+00     4.0000
     94.000    23.1044   5.038811    34.4213    23.4702 0.0000e+00     3.0000
     95.000    23.0804   5.037676    34.4310    23.4846 0.0000e+00     5.0000
     96.000    23.0585   5.036209    34.4366    23.4951 0.0000e+00     6.0000
     97.000    22.9902   5.028849    34.4332    23.5122 0.0000e+00     5.0000
     98.000    22.8461   5.013852    34.4304    23.5515 0.0000e+00     5.0000
     99.000    22.6582   4.991481    34.4049    23.5857 0.0000e+00     4.0000
    100.000    22.5193   4.976373    34.3968    23.6191 0.0000e+00     4.0000
    101.000    22.3947   4.962378    34.3860    23.6461 0.0000e+00     3.0000
    102.000    22.2425   4.943444    34.3583    23.6680 0.0000e+00     4.0000
    103.000    21.8671   4.903810    34.3449    23.7628 0.0000e+00     3.0000
    104.000    21.2198   4.840787    34.3625    23.9543 0.0000e+00     4.0000
    105.000    20.9207   4.817401    34.4159    24.0762 0.0000e+00     5.0000
    106.000    20.8396   4.811007    34.4297    24.1086 0.0000e+00     3.0000
    107.000    20.8078   4.807356    34.4258    24.1142 0.0000e+00     4.0000
    108.000    20.8009   4.807596    34.4329    24.1216 0.0000e+00     5.0000
    109.000    20.7330   4.800349    34.4293    24.1371 0.0000e+00     5.0000
    110.000    20.6474   4.793255    34.4411    24.1691 0.0000e+00     4.0000
    111.000    20.6566   4.794612    34.4442    24.1691 0.0000e+00     5.0000
    112.000    20.6409   4.790547    34.4239    24.1578 0.0000e+00     2.0000
