CTD/CNV/C05.CNV
* Sea-Bird SBE 9 Raw Data File:
* FileName = D:\SS4249\CR1267\C05.DAT
* Software Version 4.249
* Temperature SN = 1572
* Conductivity SN = 1344
* Number of Bytes Per Scan = 38
* Number of Voltage Words = 5
* Number of Scans Averaged by the Deck Unit = 4
* NMEA Latitude = 21 54.27 N
* NMEA Longitude = 120 46.21 E
* NMEA UTC (Time) = Dec 25 2007  12:10:25
** Ship:      OR3
** Cruise:    1267
** Station:   C05
** Latitude:  21-54.267
** Longitude: 120-46.300
** 117M
# nquan = 7
# nvalues = 113                         
# units = metric
# name 0 = pr: pressure [db]
# name 1 = t090: temperature, ITS-90 [deg C]
# name 2 = c0S/m: conductivity [S/m]
# name 3 = sal00: salinity, PSS-78 [PSU]
# name 4 = sigma-é00: density, sigma-theta [kg/m^3]
# name 5 = flag:  0.000e+00
# name 6 = nbin: number of scans per bin
# span 0 = 1.000, 113.000                         
# span 1 = 22.1326, 25.9620                       
# span 2 = 4.940511, 5.281510                     
# span 3 = 34.0795, 34.4641                       
# span 4 = 22.3513, 23.7453                       
# span 5 = 0.0000e+00, 0.0000e+00                 
# span 6 = 3.0000, 13.0000                        
# interval = decibars: 1                                
# start_time = Dec 25 2007 12:10:25
# bad_flag = -9.990e-29
*END*
      1.000    25.9431   5.279316    34.0795    22.3568 0.0000e+00    10.0000
      2.000    25.9500   5.280150    34.0801    22.3551 0.0000e+00     6.0000
      3.000    25.9518   5.280378    34.0801    22.3547 0.0000e+00     5.0000
      4.000    25.9526   5.280486    34.0800    22.3544 0.0000e+00     7.0000
      5.000    25.9528   5.280581    34.0803    22.3546 0.0000e+00     6.0000
      6.000    25.9602   5.281399    34.0804    22.3524 0.0000e+00     4.0000
      7.000    25.9620   5.281510    34.0795    22.3513 0.0000e+00     5.0000
      8.000    25.9580   5.281282    34.0806    22.3534 0.0000e+00     7.0000
      9.000    25.9531   5.280980    34.0817    22.3559 0.0000e+00     7.0000
     10.000    25.9193   5.278675    34.0898    22.3725 0.0000e+00     5.0000
     11.000    25.9222   5.279123    34.0906    22.3723 0.0000e+00     5.0000
     12.000    25.9295   5.279428    34.0871    22.3675 0.0000e+00     4.0000
     13.000    25.9161   5.278591    34.0907    22.3744 0.0000e+00     8.0000
     14.000    25.9151   5.278585    34.0911    22.3751 0.0000e+00     5.0000
     15.000    25.9184   5.278894    34.0906    22.3737 0.0000e+00     5.0000
     16.000    25.9221   5.279197    34.0897    22.3720 0.0000e+00     5.0000
     17.000    25.9202   5.278964    34.0891    22.3722 0.0000e+00     5.0000
     18.000    25.9063   5.277927    34.0917    22.3785 0.0000e+00     4.0000
     19.000    25.9068   5.277995    34.0915    22.3783 0.0000e+00     5.0000
     20.000    25.8917   5.276920    34.0946    22.3854 0.0000e+00     7.0000
     21.000    25.8748   5.275922    34.0996    22.3945 0.0000e+00     6.0000
     22.000    25.8752   5.276026    34.0998    22.3945 0.0000e+00     5.0000
     23.000    25.8829   5.276527    34.0974    22.3904 0.0000e+00     6.0000
     24.000    25.8690   5.275713    34.1015    22.3979 0.0000e+00     6.0000
     25.000    25.8618   5.275217    34.1030    22.4013 0.0000e+00     5.0000
     26.000    25.8471   5.274358    34.1074    22.4092 0.0000e+00     4.0000
     27.000    25.8442   5.274228    34.1083    22.4109 0.0000e+00     5.0000
     28.000    25.8334   5.273133    34.1081    22.4141 0.0000e+00     6.0000
     29.000    25.7795   5.269255    34.1198    22.4397 0.0000e+00     8.0000
     30.000    25.7632   5.268107    34.1233    22.4474 0.0000e+00     5.0000
     31.000    25.7231   5.264800    34.1289    22.4641 0.0000e+00     3.0000
     32.000    25.6679   5.260417    34.1379    22.4880 0.0000e+00     5.0000
     33.000    25.6358   5.258573    34.1482    22.5057 0.0000e+00     7.0000
     34.000    25.6533   5.259760    34.1434    22.4968 0.0000e+00     5.0000
     35.000    25.6243   5.257827    34.1507    22.5113 0.0000e+00     6.0000
     36.000    25.6089   5.256883    34.1550    22.5193 0.0000e+00     5.0000
     37.000    25.5816   5.255075    34.1620    22.5330 0.0000e+00     7.0000
     38.000    25.5637   5.254210    34.1688    22.5437 0.0000e+00     5.0000
     39.000    25.5667   5.254308    34.1669    22.5415 0.0000e+00     5.0000
     40.000    25.5471   5.253199    34.1732    22.5523 0.0000e+00     5.0000
     41.000    25.5417   5.252775    34.1739    22.5545 0.0000e+00     6.0000
     42.000    25.4585   5.248162    34.2023    22.6016 0.0000e+00     8.0000
     43.000    25.3853   5.243654    34.2240    22.6404 0.0000e+00     7.0000
     44.000    25.3643   5.242463    34.2308    22.6520 0.0000e+00     5.0000
     45.000    25.3675   5.242759    34.2302    22.6507 0.0000e+00     5.0000
     46.000    25.3694   5.242905    34.2296    22.6497 0.0000e+00     5.0000
     47.000    25.3414   5.240585    34.2333    22.6612 0.0000e+00    11.0000
     48.000    25.3228   5.239098    34.2361    22.6690 0.0000e+00    13.0000
     49.000    25.3072   5.237683    34.2372    22.6746 0.0000e+00    12.0000
     50.000    25.2893   5.236073    34.2385    22.6812 0.0000e+00     7.0000
     51.000    25.2869   5.235827    34.2382    22.6818 0.0000e+00     5.0000
     52.000    25.2695   5.234104    34.2384    22.6872 0.0000e+00    10.0000
     53.000    25.2493   5.232072    34.2384    22.6935 0.0000e+00     9.0000
     54.000    25.2607   5.233307    34.2385    22.6902 0.0000e+00     9.0000
     55.000    25.2484   5.231827    34.2366    22.6926 0.0000e+00     7.0000
     56.000    25.1976   5.226770    34.2374    22.7087 0.0000e+00     6.0000
     57.000    25.1935   5.226586    34.2389    22.7111 0.0000e+00     7.0000
     58.000    25.1914   5.226181    34.2372    22.7105 0.0000e+00     6.0000
     59.000    25.1501   5.222642    34.2420    22.7268 0.0000e+00     5.0000
     60.000    25.1434   5.222024    34.2422    22.7291 0.0000e+00     6.0000
     61.000    25.1009   5.217432    34.2401    22.7405 0.0000e+00     5.0000
     62.000    25.0887   5.216216    34.2401    22.7442 0.0000e+00     5.0000
     63.000    25.0893   5.216394    34.2406    22.7445 0.0000e+00     5.0000
     64.000    25.0550   5.214539    34.2526    22.7640 0.0000e+00     5.0000
     65.000    25.0523   5.214915    34.2571    22.7683 0.0000e+00     7.0000
     66.000    25.0235   5.213482    34.2680    22.7854 0.0000e+00     7.0000
     67.000    24.9950   5.211301    34.2732    22.7980 0.0000e+00     7.0000
     68.000    24.9754   5.209775    34.2765    22.8064 0.0000e+00     6.0000
     69.000    24.9738   5.209774    34.2774    22.8077 0.0000e+00     5.0000
     70.000    24.9676   5.210170    34.2847    22.8151 0.0000e+00     5.0000
     71.000    24.9623   5.211049    34.2949    22.8245 0.0000e+00     5.0000
     72.000    24.9645   5.211184    34.2939    22.8232 0.0000e+00     6.0000
     73.000    24.8335   5.199386    34.3057    22.8717 0.0000e+00     5.0000
     74.000    24.8017   5.198166    34.3206    22.8926 0.0000e+00     6.0000
     75.000    24.7942   5.195937    34.3094    22.8865 0.0000e+00     7.0000
     76.000    24.5707   5.173148    34.3100    22.9541 0.0000e+00     6.0000
     77.000    24.4486   5.159122    34.2983    22.9819 0.0000e+00     5.0000
     78.000    24.3734   5.151389    34.2977    23.0039 0.0000e+00     4.0000
     79.000    24.3626   5.150348    34.2978    23.0073 0.0000e+00     5.0000
     80.000    24.3590   5.150040    34.2980    23.0085 0.0000e+00     7.0000
     81.000    24.3473   5.148948    34.2984    23.0124 0.0000e+00     6.0000
     82.000    24.3410   5.148455    34.2993    23.0150 0.0000e+00     7.0000
     83.000    24.3347   5.147792    34.2988    23.0166 0.0000e+00     7.0000
     84.000    24.3026   5.144674    34.2997    23.0269 0.0000e+00     6.0000
     85.000    24.2785   5.142702    34.3031    23.0367 0.0000e+00     7.0000
     86.000    24.2425   5.138437    34.2984    23.0439 0.0000e+00     6.0000
     87.000    24.0176   5.116918    34.3090    23.1185 0.0000e+00     8.0000
     88.000    23.9151   5.107935    34.3199    23.1570 0.0000e+00    10.0000
     89.000    23.8071   5.096047    34.3131    23.1836 0.0000e+00    10.0000
     90.000    23.4897   5.064856    34.3216    23.2829 0.0000e+00     6.0000
     91.000    23.3771   5.053936    34.3254    23.3186 0.0000e+00     6.0000
     92.000    23.2338   5.042492    34.3491    23.3781 0.0000e+00     9.0000
     93.000    23.0440   5.023585    34.3519    23.4350 0.0000e+00     6.0000
     94.000    22.9900   5.021607    34.3786    23.4708 0.0000e+00     7.0000
     95.000    22.9456   5.018842    34.3918    23.4935 0.0000e+00     8.0000
     96.000    22.8871   5.016269    34.4175    23.5298 0.0000e+00    11.0000
     97.000    22.8480   5.014619    34.4351    23.5545 0.0000e+00    11.0000
     98.000    22.7859   5.009964    34.4477    23.5818 0.0000e+00    11.0000
     99.000    22.7181   5.004984    34.4622    23.6122 0.0000e+00    11.0000
    100.000    22.7206   5.005191    34.4615    23.6110 0.0000e+00     3.0000
    101.000    22.6813   4.999843    34.4507    23.6141 0.0000e+00     5.0000
    102.000    22.7037   5.003823    34.4636    23.6175 0.0000e+00    11.0000
    103.000    22.6169   4.992200    34.4416    23.6256 0.0000e+00     7.0000
    104.000    22.5759   4.990969    34.4641    23.6543 0.0000e+00    10.0000
    105.000    22.6802   5.000868    34.4582    23.6203 0.0000e+00     6.0000
    106.000    22.6521   4.998126    34.4588    23.6288 0.0000e+00     8.0000
    107.000    22.6361   4.996052    34.4550    23.6305 0.0000e+00     6.0000
    108.000    22.5949   4.991387    34.4510    23.6393 0.0000e+00     7.0000
    109.000    22.5177   4.982888    34.4456    23.6571 0.0000e+00    11.0000
    110.000    22.5382   4.985654    34.4506    23.6551 0.0000e+00    11.0000
    111.000    22.3944   4.970096    34.4429    23.6900 0.0000e+00     3.0000
    112.000    22.3139   4.962732    34.4489    23.7173 0.0000e+00     5.0000
    113.000    22.1326   4.940511    34.4187    23.7453 0.0000e+00     4.0000
