CTD/CNV/C06.CNV
* Sea-Bird SBE 9 Raw Data File:
* FileName = D:\SS4249\CR1267\C06.DAT
* Software Version 4.249
* Temperature SN = 1572
* Conductivity SN = 1344
* Number of Bytes Per Scan = 38
* Number of Voltage Words = 5
* Number of Scans Averaged by the Deck Unit = 4
* NMEA Latitude = 21 54.27 N
* NMEA Longitude = 120 46.40 E
* NMEA UTC (Time) = Dec 25 2007  13:21:39
** Ship:      OR3
** Cruise:    1267
** Station:   C06
** Latitude:  21-54.269
** Longitude: 120-46.448
** 119M
# nquan = 7
# nvalues = 114                         
# units = metric
# name 0 = pr: pressure [db]
# name 1 = t090: temperature, ITS-90 [deg C]
# name 2 = c0S/m: conductivity [S/m]
# name 3 = sal00: salinity, PSS-78 [PSU]
# name 4 = sigma-é00: density, sigma-theta [kg/m^3]
# name 5 = flag:  0.000e+00
# name 6 = nbin: number of scans per bin
# span 0 = 2.000, 115.000                         
# span 1 = 22.1795, 26.1013                       
# span 2 = 4.942432, 5.294226                     
# span 3 = 34.0672, 34.4015                       
# span 4 = 22.2987, 23.7164                       
# span 5 = 0.0000e+00, 0.0000e+00                 
# span 6 = 3.0000, 15.0000                        
# interval = decibars: 1                                
# start_time = Dec 25 2007 13:21:39
# bad_flag = -9.990e-29
*END*
      2.000    26.0990   5.293651    34.0672    22.2991 0.0000e+00     7.0000
      3.000    26.1013   5.293978    34.0676    22.2987 0.0000e+00     7.0000
      4.000    26.1010   5.294094    34.0683    22.2995 0.0000e+00     5.0000
      5.000    26.1013   5.294217    34.0687    22.2997 0.0000e+00     4.0000
      6.000    26.1008   5.294226    34.0688    22.3000 0.0000e+00     6.0000
      7.000    26.0973   5.293993    34.0694    22.3017 0.0000e+00     5.0000
      8.000    26.0940   5.293895    34.0709    22.3038 0.0000e+00     4.0000
      9.000    26.0848   5.293135    34.0719    22.3075 0.0000e+00    13.0000
     10.000    26.0908   5.293654    34.0709    22.3050 0.0000e+00     7.0000
     11.000    26.0894   5.293593    34.0712    22.3057 0.0000e+00     6.0000
     12.000    26.0759   5.292504    34.0730    22.3114 0.0000e+00     5.0000
     13.000    26.0496   5.290505    34.0778    22.3232 0.0000e+00     7.0000
     14.000    26.0219   5.287981    34.0798    22.3334 0.0000e+00     6.0000
     15.000    25.8444   5.273284    34.1050    22.4075 0.0000e+00     6.0000
     16.000    25.7483   5.266443    34.1266    22.4536 0.0000e+00     7.0000
     17.000    25.6961   5.262102    34.1337    22.4751 0.0000e+00     3.0000
     18.000    25.6526   5.258909    34.1426    22.4953 0.0000e+00     6.0000
     19.000    25.6442   5.258248    34.1438    22.4988 0.0000e+00     6.0000
     20.000    25.6390   5.257959    34.1453    22.5016 0.0000e+00     6.0000
     21.000    25.6136   5.255589    34.1467    22.5106 0.0000e+00     4.0000
     22.000    25.5501   5.250347    34.1556    22.5369 0.0000e+00     7.0000
     23.000    25.5385   5.249931    34.1610    22.5446 0.0000e+00     3.0000
     24.000    25.5345   5.249740    34.1623    22.5469 0.0000e+00     4.0000
     25.000    25.5302   5.249721    34.1651    22.5503 0.0000e+00     4.0000
     26.000    25.5295   5.249803    34.1659    22.5512 0.0000e+00     4.0000
     27.000    25.5305   5.250087    34.1669    22.5518 0.0000e+00     4.0000
     28.000    25.5197   5.249876    34.1732    22.5599 0.0000e+00     4.0000
     29.000    25.5199   5.249894    34.1728    22.5596 0.0000e+00     4.0000
     30.000    25.5049   5.248944    34.1768    22.5673 0.0000e+00     4.0000
     31.000    25.4807   5.247558    34.1846    22.5806 0.0000e+00     4.0000
     32.000    25.4336   5.243996    34.1935    22.6019 0.0000e+00     5.0000
     33.000    25.3615   5.238639    34.2082    22.6351 0.0000e+00     5.0000
     34.000    25.3353   5.236956    34.2153    22.6485 0.0000e+00     4.0000
     35.000    25.3168   5.235514    34.2183    22.6565 0.0000e+00     8.0000
     36.000    25.3145   5.235490    34.2196    22.6582 0.0000e+00    12.0000
     37.000    25.3097   5.235210    34.2208    22.6607 0.0000e+00     9.0000
     38.000    25.3038   5.234857    34.2224    22.6638 0.0000e+00     3.0000
     39.000    25.3082   5.235369    34.2225    22.6626 0.0000e+00     3.0000
     40.000    25.3104   5.235492    34.2214    22.6612 0.0000e+00     4.0000
     41.000    25.3034   5.234738    34.2209    22.6630 0.0000e+00     3.0000
     42.000    25.2945   5.234280    34.2239    22.6680 0.0000e+00     3.0000
     43.000    25.2835   5.233289    34.2246    22.6720 0.0000e+00     3.0000
     44.000    25.2657   5.232013    34.2283    22.6803 0.0000e+00     4.0000
     45.000    25.2637   5.231900    34.2287    22.6812 0.0000e+00     6.0000
     46.000    25.2647   5.232188    34.2297    22.6818 0.0000e+00     6.0000
     47.000    25.2657   5.232181    34.2286    22.6807 0.0000e+00     4.0000
     48.000    25.2421   5.230115    34.2309    22.6897 0.0000e+00     4.0000
     49.000    25.2250   5.229105    34.2361    22.6989 0.0000e+00     4.0000
     50.000    25.2142   5.228324    34.2382    22.7038 0.0000e+00     4.0000
     51.000    25.1940   5.226570    34.2402    22.7116 0.0000e+00     3.0000
     52.000    25.1862   5.226049    34.2420    22.7153 0.0000e+00     4.0000
     53.000    25.1809   5.225599    34.2424    22.7173 0.0000e+00     4.0000
     54.000    25.1789   5.225424    34.2423    22.7179 0.0000e+00     6.0000
     55.000    25.1523   5.222531    34.2407    22.7249 0.0000e+00     5.0000
     56.000    25.1229   5.219829    34.2427    22.7354 0.0000e+00     3.0000
     57.000    25.0914   5.216353    34.2406    22.7435 0.0000e+00     5.0000
     58.000    25.0380   5.211460    34.2446    22.7627 0.0000e+00     6.0000
     59.000    25.0322   5.210899    34.2445    22.7645 0.0000e+00     7.0000
     60.000    25.0083   5.208416    34.2440    22.7714 0.0000e+00     7.0000
     61.000    24.9122   5.197932    34.2389    22.7967 0.0000e+00     7.0000
     62.000    24.7894   5.186675    34.2484    22.8410 0.0000e+00     7.0000
     63.000    24.7844   5.186563    34.2511    22.8446 0.0000e+00     5.0000
     64.000    24.8043   5.188274    34.2483    22.8366 0.0000e+00     6.0000
     65.000    24.8021   5.188329    34.2501    22.8386 0.0000e+00     4.0000
     66.000    24.8064   5.188874    34.2506    22.8378 0.0000e+00     4.0000
     67.000    24.8131   5.189246    34.2479    22.8338 0.0000e+00     4.0000
     68.000    24.7955   5.187815    34.2504    22.8410 0.0000e+00     3.0000
     69.000    24.8058   5.189087    34.2517    22.8390 0.0000e+00     4.0000
     70.000    24.7898   5.187808    34.2540    22.8456 0.0000e+00     4.0000
     71.000    24.7774   5.186490    34.2533    22.8489 0.0000e+00     6.0000
     72.000    24.7710   5.186232    34.2560    22.8529 0.0000e+00     6.0000
     73.000    24.7799   5.187009    34.2547    22.8493 0.0000e+00     5.0000
     74.000    24.7363   5.182694    34.2555    22.8631 0.0000e+00     6.0000
     75.000    24.6769   5.177690    34.2631    22.8868 0.0000e+00     7.0000
     76.000    24.6229   5.172935    34.2686    22.9072 0.0000e+00     8.0000
     77.000    24.4938   5.161087    34.2784    22.9533 0.0000e+00     4.0000
     78.000    24.4485   5.158197    34.2911    22.9765 0.0000e+00     9.0000
     79.000    24.4595   5.159418    34.2915    22.9736 0.0000e+00     8.0000
     80.000    24.4503   5.158521    34.2915    22.9764 0.0000e+00    15.0000
     81.000    24.4358   5.157176    34.2923    22.9814 0.0000e+00     7.0000
     82.000    24.4105   5.154542    34.2916    22.9885 0.0000e+00     8.0000
     83.000    24.4301   5.156905    34.2940    22.9845 0.0000e+00     9.0000
     84.000    24.4360   5.157219    34.2915    22.9809 0.0000e+00    11.0000
     85.000    24.3577   5.149041    34.2899    23.0031 0.0000e+00     8.0000
     86.000    24.2715   5.141843    34.3017    23.0377 0.0000e+00    10.0000
     87.000    24.2544   5.140476    34.3042    23.0448 0.0000e+00     4.0000
     88.000    24.2473   5.139321    34.3007    23.0443 0.0000e+00     6.0000
     89.000    24.1883   5.133600    34.3027    23.0634 0.0000e+00    11.0000
     90.000    24.1491   5.130021    34.3056    23.0773 0.0000e+00     6.0000
     91.000    24.0964   5.124845    34.3069    23.0939 0.0000e+00    10.0000
     92.000    24.0298   5.118411    34.3093    23.1155 0.0000e+00     6.0000
     93.000    24.0243   5.117775    34.3084    23.1165 0.0000e+00     3.0000
     94.000    23.9436   5.109309    34.3064    23.1388 0.0000e+00     5.0000
     95.000    23.9336   5.109739    34.3170    23.1499 0.0000e+00     7.0000
     96.000    23.8531   5.101614    34.3174    23.1739 0.0000e+00     5.0000
     97.000    23.8852   5.104769    34.3162    23.1636 0.0000e+00     5.0000
     98.000    23.8602   5.102649    34.3191    23.1732 0.0000e+00     5.0000
     99.000    23.8301   5.100038    34.3223    23.1845 0.0000e+00    11.0000
    100.000    23.8394   5.100224    34.3162    23.1772 0.0000e+00     8.0000
    101.000    23.8328   5.100384    34.3222    23.1838 0.0000e+00     8.0000
    102.000    23.3530   5.053382    34.3364    23.3345 0.0000e+00    12.0000
    103.000    23.2765   5.044940    34.3311    23.3527 0.0000e+00    10.0000
    104.000    22.8535   5.004023    34.3468    23.4863 0.0000e+00    12.0000
    105.000    22.5994   4.981213    34.3696    23.5760 0.0000e+00    12.0000
    106.000    22.5836   4.980230    34.3741    23.5840 0.0000e+00    12.0000
    107.000    22.5956   4.981099    34.3711    23.5783 0.0000e+00     9.0000
    108.000    22.4597   4.967008    34.3684    23.6148 0.0000e+00     7.0000
    109.000    22.3788   4.962179    34.3943    23.6574 0.0000e+00     8.0000
    110.000    22.4610   4.968759    34.3803    23.6236 0.0000e+00     9.0000
    111.000    22.2556   4.948847    34.3871    23.6867 0.0000e+00    11.0000
    112.000    22.2275   4.946644    34.3918    23.6982 0.0000e+00     6.0000
    113.000    22.1795   4.942432    34.3966    23.7154 0.0000e+00     6.0000
    114.000    22.1896   4.944132    34.4015    23.7164 0.0000e+00     8.0000
    115.000    22.2176   4.946114    34.3945    23.7032 0.0000e+00     6.0000
