CTD/CNV/C07.CNV
* Sea-Bird SBE 9 Raw Data File:
* FileName = D:\SS4249\CR1267\C07.DAT
* Software Version 4.249
* Temperature SN = 1572
* Conductivity SN = 1344
* Number of Bytes Per Scan = 38
* Number of Voltage Words = 5
* Number of Scans Averaged by the Deck Unit = 4
* NMEA Latitude = 21 54.27 N
* NMEA Longitude = 120 46.53 E
* NMEA UTC (Time) = Dec 25 2007  14:28:55
** Ship:      OR3
** Cruise:    1267
** Station:   C07
** Latitude:  21-54.266
** Longitude: 120-46.543
** 119M
# nquan = 7
# nvalues = 116                         
# units = metric
# name 0 = pr: pressure [db]
# name 1 = t090: temperature, ITS-90 [deg C]
# name 2 = c0S/m: conductivity [S/m]
# name 3 = sal00: salinity, PSS-78 [PSU]
# name 4 = sigma-é00: density, sigma-theta [kg/m^3]
# name 5 = flag:  0.000e+00
# name 6 = nbin: number of scans per bin
# span 0 = 1.000, 116.000                         
# span 1 = 22.9613, 26.3211                       
# span 2 = 5.016435, 5.312270                     
# span 3 = 34.0352, 34.3541                       
# span 4 = 22.2064, 23.4617                       
# span 5 = 0.0000e+00, 0.0000e+00                 
# span 6 = 2.0000, 10.0000                        
# interval = decibars: 1                                
# start_time = Dec 25 2007 14:28:55
# bad_flag = -9.990e-29
*END*
      1.000    26.2943   5.309646    34.0383    22.2163 0.0000e+00     4.0000
      2.000    26.3063   5.310735    34.0370    22.2116 0.0000e+00     9.0000
      3.000    26.3136   5.311405    34.0361    22.2087 0.0000e+00    10.0000
      4.000    26.3133   5.311436    34.0362    22.2090 0.0000e+00     8.0000
      5.000    26.3195   5.312099    34.0361    22.2071 0.0000e+00     6.0000
      6.000    26.3211   5.312263    34.0358    22.2064 0.0000e+00     5.0000
      7.000    26.3208   5.312270    34.0358    22.2065 0.0000e+00     4.0000
      8.000    26.3142   5.311554    34.0352    22.2082 0.0000e+00     4.0000
      9.000    26.3097   5.311297    34.0364    22.2106 0.0000e+00     5.0000
     10.000    26.3147   5.311875    34.0366    22.2092 0.0000e+00     6.0000
     11.000    26.3147   5.311878    34.0363    22.2091 0.0000e+00     9.0000
     12.000    26.3153   5.311970    34.0362    22.2089 0.0000e+00     6.0000
     13.000    26.2934   5.310149    34.0390    22.2179 0.0000e+00     5.0000
     14.000    26.2580   5.307727    34.0474    22.2354 0.0000e+00     4.0000
     15.000    26.2021   5.301314    34.0422    22.2490 0.0000e+00     4.0000
     16.000    26.0687   5.291708    34.0714    22.3127 0.0000e+00     4.0000
     17.000    26.0574   5.290768    34.0727    22.3172 0.0000e+00     4.0000
     18.000    25.9897   5.285096    34.0816    22.3450 0.0000e+00     9.0000
     19.000    25.9515   5.282154    34.0884    22.3621 0.0000e+00     7.0000
     20.000    25.9508   5.282035    34.0877    22.3619 0.0000e+00     5.0000
     21.000    25.9324   5.280522    34.0901    22.3695 0.0000e+00     6.0000
     22.000    25.9209   5.279719    34.0926    22.3749 0.0000e+00     5.0000
     23.000    25.9136   5.279104    34.0932    22.3778 0.0000e+00     3.0000
     24.000    25.9112   5.279054    34.0944    22.3794 0.0000e+00     3.0000
     25.000    25.9043   5.278376    34.0943    22.3816 0.0000e+00     4.0000
     26.000    25.8915   5.277372    34.0962    22.3871 0.0000e+00     6.0000
     27.000    25.8360   5.272768    34.1038    22.4100 0.0000e+00     6.0000
     28.000    25.8135   5.270451    34.1034    22.4168 0.0000e+00     4.0000
     29.000    25.7221   5.264192    34.1258    22.4619 0.0000e+00     5.0000
     30.000    25.6895   5.261303    34.1288    22.4743 0.0000e+00     4.0000
     31.000    25.5552   5.250982    34.1537    22.5345 0.0000e+00     5.0000
     32.000    25.5397   5.250578    34.1621    22.5456 0.0000e+00     4.0000
     33.000    25.5314   5.249797    34.1623    22.5484 0.0000e+00     5.0000
     34.000    25.5072   5.248109    34.1678    22.5600 0.0000e+00     4.0000
     35.000    25.4990   5.247656    34.1703    22.5645 0.0000e+00     4.0000
     36.000    25.4941   5.247288    34.1710    22.5666 0.0000e+00     5.0000
     37.000    25.4848   5.246766    34.1738    22.5717 0.0000e+00     4.0000
     38.000    25.4760   5.246260    34.1764    22.5764 0.0000e+00     5.0000
     39.000    25.4688   5.245881    34.1788    22.5804 0.0000e+00     4.0000
     40.000    25.4542   5.244965    34.1827    22.5880 0.0000e+00     6.0000
     41.000    25.4548   5.245100    34.1829    22.5880 0.0000e+00     4.0000
     42.000    25.4361   5.243623    34.1859    22.5960 0.0000e+00     4.0000
     43.000    25.4375   5.244033    34.1875    22.5969 0.0000e+00     5.0000
     44.000    25.3960   5.239861    34.1878    22.6099 0.0000e+00     4.0000
     45.000    25.3181   5.233751    34.2013    22.6440 0.0000e+00     4.0000
     46.000    25.2334   5.226981    34.2151    22.6803 0.0000e+00     4.0000
     47.000    25.2167   5.226054    34.2205    22.6895 0.0000e+00     4.0000
     48.000    25.1616   5.220689    34.2223    22.7077 0.0000e+00     6.0000
     49.000    25.1362   5.219030    34.2290    22.7205 0.0000e+00     8.0000
     50.000    25.1327   5.218871    34.2301    22.7225 0.0000e+00     7.0000
     51.000    25.1386   5.219369    34.2290    22.7200 0.0000e+00     4.0000
     52.000    25.1265   5.218286    34.2299    22.7244 0.0000e+00     3.0000
     53.000    25.1243   5.218314    34.2314    22.7263 0.0000e+00     4.0000
     54.000    25.1179   5.217450    34.2296    22.7269 0.0000e+00     3.0000
     55.000    25.0933   5.215566    34.2340    22.7378 0.0000e+00     4.0000
     56.000    25.1075   5.217243    34.2353    22.7345 0.0000e+00     3.0000
     57.000    25.1075   5.216869    34.2322    22.7323 0.0000e+00     4.0000
     58.000    25.0952   5.215823    34.2335    22.7370 0.0000e+00     4.0000
     59.000    25.0856   5.215111    34.2352    22.7413 0.0000e+00     6.0000
     60.000    25.0818   5.214832    34.2357    22.7429 0.0000e+00    10.0000
     61.000    25.0685   5.213736    34.2374    22.7482 0.0000e+00     7.0000
     62.000    25.0644   5.213454    34.2381    22.7501 0.0000e+00     5.0000
     63.000    25.0631   5.213469    34.2389    22.7511 0.0000e+00     3.0000
     64.000    25.0645   5.213726    34.2394    22.7512 0.0000e+00     4.0000
     65.000    25.0624   5.213417    34.2384    22.7511 0.0000e+00     3.0000
     66.000    25.0538   5.212855    34.2405    22.7553 0.0000e+00     4.0000
     67.000    25.0449   5.212345    34.2431    22.7601 0.0000e+00     3.0000
     68.000    25.0416   5.212401    34.2457    22.7631 0.0000e+00     4.0000
     69.000    25.0451   5.212877    34.2463    22.7626 0.0000e+00     4.0000
     70.000    25.0473   5.213190    34.2466    22.7622 0.0000e+00     5.0000
     71.000    25.0494   5.213449    34.2466    22.7617 0.0000e+00    10.0000
     72.000    25.0479   5.213354    34.2467    22.7623 0.0000e+00     8.0000
     73.000    25.0470   5.213425    34.2476    22.7633 0.0000e+00     5.0000
     74.000    25.0475   5.213446    34.2471    22.7628 0.0000e+00     3.0000
     75.000    25.0431   5.213125    34.2478    22.7647 0.0000e+00     4.0000
     76.000    25.0392   5.212805    34.2480    22.7662 0.0000e+00     2.0000
     77.000    25.0375   5.212789    34.2489    22.7674 0.0000e+00     3.0000
     78.000    25.0378   5.212869    34.2489    22.7674 0.0000e+00     4.0000
     79.000    25.0366   5.212760    34.2487    22.7677 0.0000e+00     4.0000
     80.000    25.0344   5.212597    34.2489    22.7685 0.0000e+00     7.0000
     81.000    25.0347   5.212722    34.2493    22.7688 0.0000e+00     7.0000
     82.000    25.0332   5.212649    34.2496    22.7695 0.0000e+00     6.0000
     83.000    25.0308   5.212418    34.2494    22.7702 0.0000e+00     6.0000
     84.000    25.0294   5.212361    34.2497    22.7709 0.0000e+00     5.0000
     85.000    25.0285   5.212368    34.2501    22.7716 0.0000e+00     3.0000
     86.000    25.0270   5.212288    34.2503    22.7723 0.0000e+00     3.0000
     87.000    25.0262   5.212258    34.2504    22.7726 0.0000e+00     3.0000
     88.000    25.0202   5.211671    34.2503    22.7744 0.0000e+00     4.0000
     89.000    25.0135   5.211192    34.2515    22.7774 0.0000e+00     6.0000
     90.000    25.0105   5.210996    34.2521    22.7788 0.0000e+00     6.0000
     91.000    25.0113   5.211195    34.2526    22.7790 0.0000e+00     7.0000
     92.000    24.9778   5.208431    34.2573    22.7928 0.0000e+00     8.0000
     93.000    24.9400   5.204983    34.2601    22.8064 0.0000e+00     4.0000
     94.000    24.8903   5.200350    34.2632    22.8238 0.0000e+00     4.0000
     95.000    24.8773   5.199412    34.2658    22.8298 0.0000e+00     2.0000
     96.000    24.8674   5.198027    34.2627    22.8305 0.0000e+00     4.0000
     97.000    24.8403   5.195274    34.2626    22.8387 0.0000e+00     4.0000
     98.000    24.8282   5.194331    34.2645    22.8438 0.0000e+00     6.0000
     99.000    24.8195   5.193264    34.2629    22.8453 0.0000e+00     5.0000
    100.000    24.7977   5.191504    34.2661    22.8543 0.0000e+00     9.0000
    101.000    24.8051   5.192234    34.2656    22.8518 0.0000e+00     5.0000
    102.000    24.7973   5.191198    34.2635    22.8526 0.0000e+00     3.0000
    103.000    24.7752   5.189160    34.2648    22.8603 0.0000e+00     4.0000
    104.000    24.7454   5.186467    34.2672    22.8712 0.0000e+00     5.0000
    105.000    24.6794   5.179364    34.2643    22.8889 0.0000e+00     6.0000
    106.000    24.3093   5.139868    34.2516    22.9899 0.0000e+00     5.0000
    107.000    23.8832   5.101185    34.2875    23.1430 0.0000e+00     5.0000
    108.000    23.7594   5.091242    34.3074    23.1945 0.0000e+00     7.0000
    109.000    23.6047   5.075285    34.3057    23.2385 0.0000e+00     7.0000
    110.000    23.4882   5.065417    34.3206    23.2838 0.0000e+00     5.0000
    111.000    23.4944   5.066206    34.3215    23.2827 0.0000e+00     9.0000
    112.000    23.4764   5.064199    34.3198    23.2868 0.0000e+00     6.0000
    113.000    23.4322   5.060165    34.3231    23.3021 0.0000e+00     5.0000
    114.000    23.3674   5.053004    34.3184    23.3175 0.0000e+00     5.0000
    115.000    23.1828   5.035822    34.3304    23.3799 0.0000e+00     5.0000
    116.000    22.9613   5.016435    34.3541    23.4617 0.0000e+00     3.0000
