CTD/CNV/C08.CNV
* Sea-Bird SBE 9 Raw Data File:
* FileName = D:\SS4249\CR1267\C08.DAT
* Software Version 4.249
* Temperature SN = 1572
* Conductivity SN = 1344
* Number of Bytes Per Scan = 38
* Number of Voltage Words = 5
* Number of Scans Averaged by the Deck Unit = 4
* NMEA Latitude = 21 54.31 N
* NMEA Longitude = 120 46.63 E
* NMEA UTC (Time) = Dec 25 2007  15:35:31
** Ship:      OR3
** Cruise:    1267
** Station:   C08
** Latitude:  21-54.306
** Longitude: 120-46.627
** 117M
# nquan = 7
# nvalues = 108                         
# units = metric
# name 0 = pr: pressure [db]
# name 1 = t090: temperature, ITS-90 [deg C]
# name 2 = c0S/m: conductivity [S/m]
# name 3 = sal00: salinity, PSS-78 [PSU]
# name 4 = sigma-é00: density, sigma-theta [kg/m^3]
# name 5 = flag:  0.000e+00
# name 6 = nbin: number of scans per bin
# span 0 = 7.000, 114.000                         
# span 1 = 21.0917, 26.3191                       
# span 2 = 4.835711, 5.314755                     
# span 3 = 34.0538, 34.4314                       
# span 4 = 22.2211, 24.0363                       
# span 5 = 0.0000e+00, 0.0000e+00                 
# span 6 = 2.0000, 11.0000                        
# interval = decibars: 1                                
# start_time = Dec 25 2007 15:35:31
# bad_flag = -9.990e-29
*END*
      7.000    26.2907   5.311812    34.0548    22.2303 0.0000e+00     4.0000
      8.000    26.2906   5.311893    34.0551    22.2306 0.0000e+00     6.0000
      9.000    26.3031   5.313272    34.0555    22.2271 0.0000e+00     6.0000
     10.000    26.3191   5.314755    34.0541    22.2211 0.0000e+00     5.0000
     11.000    26.3154   5.314386    34.0538    22.2221 0.0000e+00     5.0000
     12.000    26.3142   5.314332    34.0540    22.2227 0.0000e+00     5.0000
     13.000    26.3134   5.314283    34.0540    22.2230 0.0000e+00     7.0000
     14.000    26.3130   5.314326    34.0543    22.2234 0.0000e+00     5.0000
     15.000    26.3128   5.314294    34.0539    22.2232 0.0000e+00     8.0000
     16.000    26.3133   5.314393    34.0539    22.2232 0.0000e+00     7.0000
     17.000    26.3137   5.314517    34.0542    22.2234 0.0000e+00     7.0000
     18.000    26.3145   5.314726    34.0549    22.2236 0.0000e+00     7.0000
     19.000    26.3148   5.314743    34.0545    22.2233 0.0000e+00     5.0000
     20.000    26.3114   5.314478    34.0548    22.2247 0.0000e+00     4.0000
     21.000    26.3064   5.313962    34.0544    22.2261 0.0000e+00     4.0000
     22.000    26.2910   5.312779    34.0570    22.2329 0.0000e+00     4.0000
     23.000    26.2619   5.310119    34.0591    22.2436 0.0000e+00     8.0000
     24.000    26.1510   5.300719    34.0731    22.2889 0.0000e+00    10.0000
     25.000    26.0847   5.294961    34.0803    22.3151 0.0000e+00     8.0000
     26.000    25.9885   5.286923    34.0933    22.3548 0.0000e+00     4.0000
     27.000    25.9929   5.288006    34.0976    22.3567 0.0000e+00     4.0000
     28.000    26.0061   5.288705    34.0925    22.3489 0.0000e+00     4.0000
     29.000    25.9329   5.281524    34.0946    22.3732 0.0000e+00     4.0000
     30.000    25.8471   5.274926    34.1103    22.4117 0.0000e+00     5.0000
     31.000    25.7647   5.268569    34.1253    22.4485 0.0000e+00     5.0000
     32.000    25.7667   5.268818    34.1253    22.4480 0.0000e+00     5.0000
     33.000    25.7493   5.267617    34.1292    22.4564 0.0000e+00    10.0000
     34.000    25.7311   5.266021    34.1309    22.4633 0.0000e+00     7.0000
     35.000    25.6912   5.262849    34.1373    22.4805 0.0000e+00     5.0000
     36.000    25.6509   5.259741    34.1445    22.4984 0.0000e+00     4.0000
     37.000    25.6425   5.259102    34.1458    22.5021 0.0000e+00     4.0000
     38.000    25.6119   5.256759    34.1513    22.5157 0.0000e+00     5.0000
     39.000    25.5954   5.255860    34.1568    22.5250 0.0000e+00     4.0000
     40.000    25.5827   5.254647    34.1571    22.5292 0.0000e+00     4.0000
     41.000    25.5678   5.253805    34.1618    22.5374 0.0000e+00     5.0000
     42.000    25.5511   5.252578    34.1651    22.5451 0.0000e+00     9.0000
     43.000    25.5347   5.251444    34.1688    22.5530 0.0000e+00     7.0000
     44.000    25.5272   5.250957    34.1705    22.5567 0.0000e+00     5.0000
     45.000    25.5185   5.250214    34.1713    22.5600 0.0000e+00     4.0000
     46.000    25.5035   5.249122    34.1743    22.5669 0.0000e+00     4.0000
     47.000    25.4908   5.248131    34.1763    22.5724 0.0000e+00     3.0000
     48.000    25.4632   5.245915    34.1804    22.5840 0.0000e+00     4.0000
     49.000    25.4451   5.244768    34.1853    22.5933 0.0000e+00     6.0000
     50.000    25.4301   5.243816    34.1893    22.6010 0.0000e+00     9.0000
     51.000    25.4243   5.243367    34.1901    22.6034 0.0000e+00     6.0000
     52.000    25.4154   5.242638    34.1911    22.6070 0.0000e+00     6.0000
     53.000    25.4121   5.242436    34.1918    22.6086 0.0000e+00     4.0000
     54.000    25.4055   5.241678    34.1909    22.6100 0.0000e+00     4.0000
     55.000    25.3977   5.241208    34.1930    22.6141 0.0000e+00     3.0000
     56.000    25.3951   5.241010    34.1932    22.6151 0.0000e+00     5.0000
     57.000    25.3896   5.240492    34.1933    22.6168 0.0000e+00     4.0000
     58.000    25.3812   5.239766    34.1939    22.6200 0.0000e+00     6.0000
     59.000    25.3695   5.238856    34.1958    22.6250 0.0000e+00     7.0000
     60.000    25.3576   5.237839    34.1969    22.6296 0.0000e+00     8.0000
     61.000    25.3574   5.237972    34.1978    22.6304 0.0000e+00     5.0000
     62.000    25.3587   5.238068    34.1972    22.6296 0.0000e+00     5.0000
     63.000    25.3493   5.237061    34.1966    22.6321 0.0000e+00     4.0000
     64.000    25.3301   5.235279    34.1976    22.6388 0.0000e+00     4.0000
     65.000    25.3046   5.232761    34.1980    22.6469 0.0000e+00     3.0000
     66.000    25.2885   5.231925    34.2037    22.6562 0.0000e+00     5.0000
     67.000    25.2831   5.231153    34.2018    22.6565 0.0000e+00     6.0000
     68.000    25.2390   5.227116    34.2050    22.6724 0.0000e+00     5.0000
     69.000    25.2424   5.227881    34.2078    22.6735 0.0000e+00     5.0000
     70.000    25.2274   5.226518    34.2088    22.6789 0.0000e+00    11.0000
     71.000    25.2040   5.224330    34.2100    22.6870 0.0000e+00     5.0000
     72.000    25.1866   5.223291    34.2152    22.6963 0.0000e+00     4.0000
     73.000    25.1771   5.222415    34.2156    22.6996 0.0000e+00     3.0000
     74.000    25.1551   5.221146    34.2225    22.7116 0.0000e+00     3.0000
     75.000    25.1522   5.221131    34.2243    22.7139 0.0000e+00     5.0000
     76.000    25.1490   5.220933    34.2250    22.7154 0.0000e+00     5.0000
     77.000    25.1465   5.220730    34.2250    22.7163 0.0000e+00     6.0000
     78.000    25.1428   5.220452    34.2255    22.7178 0.0000e+00    11.0000
     79.000    25.1389   5.220231    34.2265    22.7198 0.0000e+00     5.0000
     80.000    25.1382   5.220201    34.2265    22.7201 0.0000e+00     4.0000
     81.000    25.1333   5.219649    34.2258    22.7211 0.0000e+00     4.0000
     82.000    25.1244   5.219080    34.2280    22.7256 0.0000e+00     4.0000
     83.000    25.1240   5.219119    34.2283    22.7260 0.0000e+00     3.0000
     84.000    25.1153   5.218437    34.2296    22.7296 0.0000e+00     4.0000
     85.000    25.1089   5.217908    34.2302    22.7321 0.0000e+00     4.0000
     86.000    25.1011   5.217397    34.2320    22.7359 0.0000e+00     8.0000
     87.000    25.0985   5.217245    34.2325    22.7372 0.0000e+00    11.0000
     88.000    25.0950   5.217057    34.2335    22.7390 0.0000e+00     7.0000
     89.000    25.0923   5.216939    34.2343    22.7406 0.0000e+00     5.0000
     90.000    25.0914   5.216936    34.2347    22.7412 0.0000e+00     3.0000
     91.000    25.0864   5.216736    34.2367    22.7443 0.0000e+00     4.0000
     92.000    25.0850   5.216639    34.2367    22.7448 0.0000e+00     3.0000
     93.000    25.0807   5.216195    34.2364    22.7459 0.0000e+00     4.0000
     94.000    25.0709   5.215372    34.2374    22.7497 0.0000e+00     3.0000
     95.000    25.0559   5.214130    34.2393    22.7557 0.0000e+00     4.0000
     96.000    24.9539   5.203021    34.2341    22.7828 0.0000e+00     6.0000
     97.000    24.5375   5.164210    34.2621    22.9292 0.0000e+00    10.0000
     98.000    24.3325   5.146579    34.2867    23.0090 0.0000e+00    10.0000
     99.000    24.3014   5.143729    34.2888    23.0199 0.0000e+00     5.0000
    100.000    24.2307   5.135959    34.2844    23.0377 0.0000e+00     4.0000
    101.000    24.1681   5.131367    34.2976    23.0663 0.0000e+00     4.0000
    102.000    24.0897   5.123239    34.2964    23.0886 0.0000e+00     4.0000
    103.000    24.0375   5.119474    34.3079    23.1128 0.0000e+00     4.0000
    104.000    23.9979   5.116280    34.3140    23.1292 0.0000e+00     4.0000
    105.000    23.9776   5.114543    34.3162    23.1369 0.0000e+00     5.0000
    106.000    23.9429   5.111493    34.3196    23.1497 0.0000e+00     4.0000
    107.000    23.7941   5.093634    34.2991    23.1780 0.0000e+00     5.0000
    108.000    22.9048   5.008709    34.3415    23.4678 0.0000e+00     7.0000
    109.000    22.0109   4.917639    34.3374    23.7174 0.0000e+00     8.0000
    110.000    21.1397   4.839222    34.4123    24.0143 0.0000e+00     7.0000
    111.000    21.0917   4.835711    34.4226    24.0352 0.0000e+00     6.0000
    112.000    21.0977   4.836563    34.4242    24.0349 0.0000e+00     4.0000
    113.000    21.0993   4.837056    34.4265    24.0363 0.0000e+00     4.0000
    114.000    21.1296   4.840763    34.4314    24.0318 0.0000e+00     2.0000
