CTD/CNV/C09.CNV
* Sea-Bird SBE 9 Raw Data File:
* FileName = D:\SS4249\CR1267\C09.DAT
* Software Version 4.249
* Temperature SN = 1572
* Conductivity SN = 1344
* Number of Bytes Per Scan = 38
* Number of Voltage Words = 5
* Number of Scans Averaged by the Deck Unit = 4
* NMEA Latitude = 21 54.23 N
* NMEA Longitude = 120 46.44 E
* NMEA UTC (Time) = Dec 25 2007  16:45:11
** Ship:      OR3
** Cruise:    1267
** Station:   C09
** Latitude:  21-54.236
** Longitude: 120-46.425
** 119M
# nquan = 7
# nvalues = 112                         
# units = metric
# name 0 = pr: pressure [db]
# name 1 = t090: temperature, ITS-90 [deg C]
# name 2 = c0S/m: conductivity [S/m]
# name 3 = sal00: salinity, PSS-78 [PSU]
# name 4 = sigma-é00: density, sigma-theta [kg/m^3]
# name 5 = flag:  0.000e+00
# name 6 = nbin: number of scans per bin
# span 0 = 3.000, 114.000                         
# span 1 = 21.0194, 25.9774                       
# span 2 = 4.827274, 5.284810                     
# span 3 = 33.9572, 34.4123                       
# span 4 = 22.2787, 24.0472                       
# span 5 = 0.0000e+00, 0.0000e+00                 
# span 6 = 3.0000, 13.0000                        
# interval = decibars: 1                                
# start_time = Dec 25 2007 16:45:11
# bad_flag = -9.990e-29
*END*
      3.000    25.8978   5.257906    33.9572    22.2787 0.0000e+00    13.0000
      4.000    25.9665   5.283225    34.0895    22.3573 0.0000e+00     5.0000
      5.000    25.9721   5.284539    34.0946    22.3594 0.0000e+00     7.0000
      6.000    25.9774   5.284810    34.0923    22.3561 0.0000e+00     5.0000
      7.000    25.9479   5.282139    34.0946    22.3671 0.0000e+00     5.0000
      8.000    25.8030   5.270581    34.1183    22.4299 0.0000e+00     5.0000
      9.000    25.7434   5.266628    34.1337    22.4600 0.0000e+00     5.0000
     10.000    25.7345   5.265700    34.1333    22.4625 0.0000e+00     6.0000
     11.000    25.6830   5.261270    34.1392    22.4829 0.0000e+00     6.0000
     12.000    25.6711   5.260517    34.1423    22.4890 0.0000e+00     7.0000
     13.000    25.6722   5.260721    34.1427    22.4890 0.0000e+00     6.0000
     14.000    25.6709   5.260638    34.1428    22.4895 0.0000e+00     5.0000
     15.000    25.6713   5.260810    34.1434    22.4899 0.0000e+00     4.0000
     16.000    25.6729   5.260953    34.1430    22.4892 0.0000e+00     4.0000
     17.000    25.6721   5.260974    34.1434    22.4898 0.0000e+00     4.0000
     18.000    25.6737   5.261171    34.1433    22.4893 0.0000e+00     4.0000
     19.000    25.6745   5.261286    34.1433    22.4891 0.0000e+00     5.0000
     20.000    25.6728   5.261180    34.1435    22.4898 0.0000e+00     7.0000
     21.000    25.6726   5.261258    34.1439    22.4903 0.0000e+00     6.0000
     22.000    25.6725   5.261294    34.1439    22.4904 0.0000e+00     6.0000
     23.000    25.6723   5.261328    34.1440    22.4906 0.0000e+00     5.0000
     24.000    25.6728   5.261439    34.1441    22.4906 0.0000e+00     5.0000
     25.000    25.6724   5.261483    34.1444    22.4911 0.0000e+00     4.0000
     26.000    25.6702   5.261314    34.1446    22.4919 0.0000e+00     4.0000
     27.000    25.6668   5.261186    34.1459    22.4940 0.0000e+00     5.0000
     28.000    25.6667   5.261205    34.1458    22.4940 0.0000e+00     5.0000
     29.000    25.6683   5.261406    34.1457    22.4936 0.0000e+00     5.0000
     30.000    25.6582   5.260569    34.1469    22.4976 0.0000e+00     5.0000
     31.000    25.6458   5.259900    34.1510    22.5046 0.0000e+00     5.0000
     32.000    25.6457   5.259987    34.1514    22.5050 0.0000e+00     6.0000
     33.000    25.6546   5.260747    34.1500    22.5012 0.0000e+00     4.0000
     34.000    25.6453   5.259798    34.1497    22.5040 0.0000e+00     5.0000
     35.000    25.6233   5.258225    34.1544    22.5143 0.0000e+00     5.0000
     36.000    25.5954   5.255913    34.1581    22.5258 0.0000e+00     5.0000
     37.000    25.5637   5.253430    34.1634    22.5396 0.0000e+00     6.0000
     38.000    25.5386   5.251365    34.1668    22.5499 0.0000e+00     5.0000
     39.000    25.5423   5.251718    34.1663    22.5485 0.0000e+00     4.0000
     40.000    25.5412   5.251756    34.1671    22.5495 0.0000e+00     4.0000
     41.000    25.5344   5.250955    34.1660    22.5509 0.0000e+00     6.0000
     42.000    25.5247   5.250171    34.1673    22.5548 0.0000e+00     7.0000
     43.000    25.5228   5.250045    34.1675    22.5556 0.0000e+00     4.0000
     44.000    25.5141   5.248639    34.1634    22.5553 0.0000e+00     3.0000
     45.000    25.4736   5.245413    34.1699    22.5727 0.0000e+00     4.0000
     46.000    25.4566   5.243970    34.1718    22.5794 0.0000e+00     5.0000
     47.000    25.4369   5.242406    34.1748    22.5878 0.0000e+00     7.0000
     48.000    25.4063   5.239711    34.1777    22.5994 0.0000e+00     7.0000
     49.000    25.3944   5.238796    34.1797    22.6046 0.0000e+00     5.0000
     50.000    25.3622   5.237124    34.1913    22.6233 0.0000e+00     5.0000
     51.000    25.3625   5.237179    34.1912    22.6232 0.0000e+00     3.0000
     52.000    25.3630   5.237578    34.1934    22.6248 0.0000e+00     4.0000
     53.000    25.3607   5.237541    34.1946    22.6264 0.0000e+00     4.0000
     54.000    25.3160   5.233833    34.2007    22.6448 0.0000e+00     5.0000
     55.000    25.2912   5.232870    34.2120    22.6609 0.0000e+00     4.0000
     56.000    25.2951   5.233160    34.2109    22.6590 0.0000e+00     6.0000
     57.000    25.2852   5.232249    34.2113    22.6624 0.0000e+00     8.0000
     58.000    25.2619   5.230405    34.2150    22.6724 0.0000e+00     7.0000
     59.000    25.2616   5.230462    34.2154    22.6728 0.0000e+00     4.0000
     60.000    25.2620   5.230501    34.2151    22.6725 0.0000e+00     4.0000
     61.000    25.2648   5.230798    34.2148    22.6715 0.0000e+00     3.0000
     62.000    25.2647   5.230815    34.2147    22.6715 0.0000e+00     4.0000
     63.000    25.2705   5.231400    34.2143    22.6695 0.0000e+00     4.0000
     64.000    25.2741   5.231791    34.2142    22.6684 0.0000e+00     4.0000
     65.000    25.2763   5.231902    34.2130    22.6669 0.0000e+00     5.0000
     66.000    25.2716   5.231577    34.2139    22.6690 0.0000e+00     6.0000
     67.000    25.2690   5.231305    34.2135    22.6696 0.0000e+00     8.0000
     68.000    25.2637   5.230869    34.2140    22.6717 0.0000e+00     5.0000
     69.000    25.2632   5.230900    34.2143    22.6721 0.0000e+00     5.0000
     70.000    25.2616   5.230910    34.2153    22.6734 0.0000e+00     4.0000
     71.000    25.2577   5.230432    34.2144    22.6740 0.0000e+00     4.0000
     72.000    25.2511   5.229792    34.2144    22.6761 0.0000e+00     4.0000
     73.000    25.2477   5.229981    34.2180    22.6799 0.0000e+00     4.0000
     74.000    25.2507   5.230003    34.2156    22.6772 0.0000e+00     5.0000
     75.000    25.2455   5.229713    34.2171    22.6800 0.0000e+00     5.0000
     76.000    25.2445   5.229646    34.2170    22.6803 0.0000e+00     6.0000
     77.000    25.2406   5.229402    34.2179    22.6822 0.0000e+00     5.0000
     78.000    25.2394   5.229332    34.2179    22.6827 0.0000e+00     6.0000
     79.000    25.2323   5.229083    34.2212    22.6874 0.0000e+00     5.0000
     80.000    25.2276   5.229014    34.2239    22.6909 0.0000e+00     5.0000
     81.000    25.2305   5.229631    34.2259    22.6917 0.0000e+00     4.0000
     82.000    25.2445   5.230942    34.2247    22.6865 0.0000e+00     4.0000
     83.000    25.2464   5.231071    34.2239    22.6854 0.0000e+00     4.0000
     84.000    25.2449   5.230967    34.2240    22.6860 0.0000e+00     4.0000
     85.000    25.2359   5.230139    34.2244    22.6891 0.0000e+00     5.0000
     86.000    25.2338   5.230131    34.2256    22.6907 0.0000e+00     5.0000
     87.000    25.2320   5.230164    34.2269    22.6923 0.0000e+00     7.0000
     88.000    25.2365   5.230290    34.2241    22.6889 0.0000e+00     6.0000
     89.000    25.1499   5.221311    34.2230    22.7145 0.0000e+00     5.0000
     90.000    25.0961   5.217202    34.2331    22.7385 0.0000e+00     5.0000
     91.000    25.0369   5.211223    34.2334    22.7568 0.0000e+00     4.0000
     92.000    25.0369   5.212736    34.2443    22.7651 0.0000e+00     4.0000
     93.000    24.9061   5.197700    34.2319    22.7953 0.0000e+00     4.0000
     94.000    24.8516   5.196047    34.2607    22.8336 0.0000e+00     4.0000
     95.000    24.8641   5.196836    34.2567    22.8269 0.0000e+00     4.0000
     96.000    24.8609   5.196556    34.2568    22.8280 0.0000e+00     5.0000
     97.000    24.8464   5.195393    34.2589    22.8340 0.0000e+00     6.0000
     98.000    24.8479   5.195773    34.2602    22.8346 0.0000e+00     7.0000
     99.000    24.8027   5.190993    34.2588    22.8472 0.0000e+00     5.0000
    100.000    24.7622   5.188302    34.2693    22.8674 0.0000e+00     5.0000
    101.000    24.7122   5.183366    34.2704    22.8833 0.0000e+00     4.0000
    102.000    24.6626   5.177889    34.2671    22.8958 0.0000e+00     4.0000
    103.000    24.3826   5.146316    34.2448    22.9627 0.0000e+00     4.0000
    104.000    23.9599   5.108819    34.2870    23.1199 0.0000e+00     5.0000
    105.000    23.8205   5.098575    34.3167    23.1835 0.0000e+00     5.0000
    106.000    23.5099   5.067632    34.3219    23.2782 0.0000e+00     6.0000
    107.000    23.4751   5.066491    34.3399    23.3020 0.0000e+00     6.0000
    108.000    23.4270   5.061996    34.3427    23.3182 0.0000e+00     5.0000
    109.000    23.2150   5.032320    34.2804    23.3325 0.0000e+00     5.0000
    110.000    22.4685   4.965413    34.3484    23.5973 0.0000e+00     4.0000
    111.000    21.8833   4.905205    34.3403    23.7553 0.0000e+00     4.0000
    112.000    21.6498   4.885761    34.3726    23.8445 0.0000e+00     5.0000
    113.000    21.3848   4.861897    34.3951    23.9345 0.0000e+00     5.0000
    114.000    21.0194   4.827274    34.4123    24.0472 0.0000e+00     5.0000
