CTD/CNV/C10.CNV
* Sea-Bird SBE 9 Raw Data File:
* FileName = D:\SS4249\CR1267\C10.DAT
* Software Version 4.249
* Temperature SN = 1572
* Conductivity SN = 1344
* Number of Bytes Per Scan = 38
* Number of Voltage Words = 5
* Number of Scans Averaged by the Deck Unit = 4
* NMEA Latitude = 21 54.24 N
* NMEA Longitude = 120 46.51 E
* NMEA UTC (Time) = Dec 25 2007  18:16:57
** Ship:      OR3
** Cruise:    1267
** Station:   C10
** Latitude:  21-54.232
** Longitude: 120-46.497
** 120M
# nquan = 7
# nvalues = 115                         
# units = metric
# name 0 = pr: pressure [db]
# name 1 = t090: temperature, ITS-90 [deg C]
# name 2 = c0S/m: conductivity [S/m]
# name 3 = sal00: salinity, PSS-78 [PSU]
# name 4 = sigma-é00: density, sigma-theta [kg/m^3]
# name 5 = flag:  0.000e+00
# name 6 = nbin: number of scans per bin
# span 0 = 2.000, 116.000                         
# span 1 = 20.5535, 25.1177                       
# span 2 = 4.786331, 5.213590                     
# span 3 = 34.2160, 34.4594                       
# span 4 = 22.7143, 24.2084                       
# span 5 = 0.0000e+00, 0.0000e+00                 
# span 6 = 3.0000, 8.0000                         
# interval = decibars: 1                                
# start_time = Dec 25 2007 18:16:57
# bad_flag = -9.990e-29
*END*
      2.000    25.1177   5.213590    34.2174    22.7143 0.0000e+00     8.0000
      3.000    25.0536   5.208118    34.2252    22.7397 0.0000e+00     8.0000
      4.000    25.0377   5.207005    34.2287    22.7473 0.0000e+00     7.0000
      5.000    25.0059   5.204620    34.2349    22.7616 0.0000e+00     5.0000
      6.000    25.0179   5.205462    34.2317    22.7557 0.0000e+00     6.0000
      7.000    25.0077   5.204735    34.2337    22.7604 0.0000e+00     5.0000
      8.000    24.9553   5.198270    34.2253    22.7699 0.0000e+00     5.0000
      9.000    24.8090   5.187092    34.2532    22.8353 0.0000e+00     6.0000
     10.000    24.8140   5.187560    34.2525    22.8333 0.0000e+00     5.0000
     11.000    24.7988   5.185829    34.2509    22.8368 0.0000e+00     4.0000
     12.000    24.7673   5.182316    34.2485    22.8445 0.0000e+00     4.0000
     13.000    24.6905   5.175009    34.2523    22.8705 0.0000e+00     4.0000
     14.000    24.5956   5.166810    34.2632    22.9074 0.0000e+00     4.0000
     15.000    24.3470   5.135124    34.2160    22.9460 0.0000e+00     4.0000
     16.000    23.7970   5.092227    34.3153    23.1839 0.0000e+00     5.0000
     17.000    23.7435   5.087685    34.3220    23.2046 0.0000e+00     5.0000
     18.000    23.7175   5.084079    34.3144    23.2066 0.0000e+00     5.0000
     19.000    23.5985   5.074385    34.3326    23.2553 0.0000e+00     6.0000
     20.000    23.6181   5.077763    34.3428    23.2573 0.0000e+00     5.0000
     21.000    23.8646   5.101082    34.3285    23.1743 0.0000e+00     3.0000
     22.000    23.6271   5.071262    34.2858    23.2116 0.0000e+00     4.0000
     23.000    23.3925   5.055324    34.3461    23.3257 0.0000e+00     5.0000
     24.000    23.3277   5.048950    34.3475    23.3456 0.0000e+00     5.0000
     25.000    23.3295   5.049182    34.3475    23.3452 0.0000e+00     4.0000
     26.000    23.3277   5.050293    34.3571    23.3530 0.0000e+00     5.0000
     27.000    23.5244   5.071241    34.3636    23.3008 0.0000e+00     4.0000
     28.000    23.6698   5.081605    34.3293    23.2325 0.0000e+00     5.0000
     29.000    23.6279   5.074009    34.3038    23.2254 0.0000e+00     4.0000
     30.000    23.3334   5.050323    34.3516    23.3474 0.0000e+00     5.0000
     31.000    23.2906   5.045687    34.3492    23.3581 0.0000e+00     5.0000
     32.000    23.2683   5.044343    34.3559    23.3697 0.0000e+00     5.0000
     33.000    23.3293   5.050939    34.3585    23.3541 0.0000e+00     4.0000
     34.000    23.3468   5.050015    34.3375    23.3331 0.0000e+00     4.0000
     35.000    23.2129   5.038891    34.3564    23.3863 0.0000e+00     4.0000
     36.000    23.1995   5.038150    34.3608    23.3936 0.0000e+00     5.0000
     37.000    23.1934   5.037533    34.3605    23.3952 0.0000e+00     5.0000
     38.000    23.1892   5.037775    34.3654    23.4001 0.0000e+00     5.0000
     39.000    23.2083   5.039714    34.3650    23.3943 0.0000e+00     5.0000
     40.000    23.2546   5.044932    34.3685    23.3837 0.0000e+00     6.0000
     41.000    23.3005   5.047593    34.3528    23.3585 0.0000e+00     4.0000
     42.000    23.2317   5.041764    34.3615    23.3851 0.0000e+00     4.0000
     43.000    23.2450   5.044533    34.3720    23.3892 0.0000e+00     3.0000
     44.000    23.2958   5.049563    34.3705    23.3735 0.0000e+00     4.0000
     45.000    23.3361   5.053008    34.3651    23.3578 0.0000e+00     5.0000
     46.000    23.3437   5.053517    34.3628    23.3539 0.0000e+00     4.0000
     47.000    23.3427   5.053163    34.3605    23.3525 0.0000e+00     6.0000
     48.000    23.3030   5.049706    34.3647    23.3673 0.0000e+00     6.0000
     49.000    23.3021   5.049702    34.3650    23.3678 0.0000e+00     5.0000
     50.000    23.2881   5.047580    34.3594    23.3677 0.0000e+00     5.0000
     51.000    23.2661   5.045711    34.3619    23.3760 0.0000e+00     4.0000
     52.000    23.2362   5.043009    34.3642    23.3865 0.0000e+00     3.0000
     53.000    23.2249   5.041766    34.3632    23.3890 0.0000e+00     4.0000
     54.000    23.2460   5.044223    34.3652    23.3845 0.0000e+00     4.0000
     55.000    23.2714   5.045906    34.3580    23.3717 0.0000e+00     4.0000
     56.000    23.2629   5.045189    34.3588    23.3749 0.0000e+00     5.0000
     57.000    23.2572   5.044714    34.3593    23.3769 0.0000e+00     5.0000
     58.000    23.2507   5.044829    34.3649    23.3831 0.0000e+00     4.0000
     59.000    23.3282   5.053168    34.3680    23.3631 0.0000e+00     6.0000
     60.000    23.2674   5.045334    34.3551    23.3710 0.0000e+00     6.0000
     61.000    23.2483   5.045061    34.3676    23.3860 0.0000e+00     4.0000
     62.000    23.2770   5.046881    34.3588    23.3711 0.0000e+00     5.0000
     63.000    23.2648   5.045704    34.3590    23.3749 0.0000e+00     5.0000
     64.000    23.2535   5.045320    34.3645    23.3824 0.0000e+00     4.0000
     65.000    23.2870   5.048268    34.3606    23.3698 0.0000e+00     3.0000
     66.000    23.2307   5.042497    34.3600    23.3857 0.0000e+00     4.0000
     67.000    23.2263   5.042507    34.3632    23.3895 0.0000e+00     4.0000
     68.000    23.1988   5.040411    34.3683    23.4013 0.0000e+00     5.0000
     69.000    23.2975   5.051289    34.3743    23.3773 0.0000e+00     5.0000
     70.000    23.2934   5.048885    34.3588    23.3668 0.0000e+00     4.0000
     71.000    23.2475   5.044649    34.3618    23.3825 0.0000e+00     4.0000
     72.000    23.1815   5.037566    34.3587    23.3992 0.0000e+00     5.0000
     73.000    23.1385   5.034597    34.3692    23.4196 0.0000e+00     5.0000
     74.000    23.1621   5.037341    34.3715    23.4146 0.0000e+00     6.0000
     75.000    23.1553   5.036618    34.3709    23.4162 0.0000e+00     5.0000
     76.000    23.2281   5.043789    34.3687    23.3936 0.0000e+00     4.0000
     77.000    23.2586   5.047068    34.3697    23.3856 0.0000e+00     4.0000
     78.000    23.2974   5.051041    34.3695    23.3743 0.0000e+00     5.0000
     79.000    23.2642   5.045460    34.3524    23.3710 0.0000e+00     4.0000
     80.000    23.2083   5.041767    34.3674    23.3986 0.0000e+00     5.0000
     81.000    23.1908   5.039341    34.3621    23.3997 0.0000e+00     4.0000
     82.000    23.1772   5.038686    34.3674    23.4077 0.0000e+00     4.0000
     83.000    23.1940   5.040662    34.3691    23.4042 0.0000e+00     4.0000
     84.000    23.2187   5.041733    34.3577    23.3885 0.0000e+00     3.0000
     85.000    23.1968   5.039915    34.3605    23.3970 0.0000e+00     4.0000
     86.000    23.1848   5.038886    34.3617    23.4014 0.0000e+00     5.0000
     87.000    23.1732   5.037761    34.3618    23.4049 0.0000e+00     7.0000
     88.000    23.1564   5.036290    34.3633    23.4109 0.0000e+00     5.0000
     89.000    23.1449   5.035296    34.3643    23.4151 0.0000e+00     6.0000
     90.000    23.1449   5.035286    34.3639    23.4148 0.0000e+00     5.0000
     91.000    23.1317   5.034159    34.3653    23.4197 0.0000e+00     4.0000
     92.000    23.1011   5.029551    34.3535    23.4196 0.0000e+00     4.0000
     93.000    23.0316   5.024928    34.3719    23.4537 0.0000e+00     4.0000
     94.000    23.0594   5.027686    34.3711    23.4451 0.0000e+00     3.0000
     95.000    23.0646   5.027977    34.3689    23.4420 0.0000e+00     4.0000
     96.000    23.0680   5.028375    34.3690    23.4412 0.0000e+00     3.0000
     97.000    23.0711   5.028589    34.3679    23.4395 0.0000e+00     5.0000
     98.000    23.0725   5.028933    34.3691    23.4401 0.0000e+00     5.0000
     99.000    23.0801   5.029637    34.3683    23.4373 0.0000e+00     5.0000
    100.000    23.0860   5.030569    34.3705    23.4373 0.0000e+00     5.0000
    101.000    23.1078   5.032835    34.3705    23.4312 0.0000e+00     5.0000
    102.000    23.0967   5.031674    34.3699    23.4340 0.0000e+00     6.0000
    103.000    23.0418   5.026814    34.3752    23.4538 0.0000e+00     5.0000
    104.000    22.9849   5.019282    34.3615    23.4598 0.0000e+00     5.0000
    105.000    22.8013   5.002520    34.3758    23.5233 0.0000e+00     4.0000
    106.000    22.8820   5.012596    34.3899    23.5110 0.0000e+00     4.0000
    107.000    22.8001   4.999249    34.3508    23.5048 0.0000e+00     4.0000
    108.000    22.6051   4.980260    34.3568    23.5648 0.0000e+00     3.0000
    109.000    22.4439   4.964047    34.3575    23.6111 0.0000e+00     4.0000
    110.000    22.0774   4.927963    34.3653    23.7200 0.0000e+00     4.0000
    111.000    21.9484   4.920320    34.4074    23.7881 0.0000e+00     6.0000
    112.000    21.9853   4.924489    34.4104    23.7802 0.0000e+00     5.0000
    113.000    21.8142   4.903317    34.3797    23.8045 0.0000e+00     5.0000
    114.000    21.4665   4.872807    34.4159    23.9280 0.0000e+00     5.0000
    115.000    21.1684   4.833355    34.3408    23.9524 0.0000e+00     4.0000
    116.000    20.5535   4.786331    34.4594    24.2084 0.0000e+00     3.0000
