CTD/CNV/C11.CNV
* Sea-Bird SBE 9 Raw Data File:
* FileName = D:\SS4249\CR1267\C11.DAT
* Software Version 4.249
* Temperature SN = 1572
* Conductivity SN = 1344
* Number of Bytes Per Scan = 38
* Number of Voltage Words = 5
* Number of Scans Averaged by the Deck Unit = 4
* NMEA Latitude = 21 54.33 N
* NMEA Longitude = 120 46.49 E
* NMEA UTC (Time) = Dec 25 2007  19:17:31
** Ship:      OR3
** Cruise:    1267
** Station:   C11
** Latitude:  21-54.296
** Longitude: 120-46.470
** 117M
# nquan = 7
# nvalues = 111                         
# units = metric
# name 0 = pr: pressure [db]
# name 1 = t090: temperature, ITS-90 [deg C]
# name 2 = c0S/m: conductivity [S/m]
# name 3 = sal00: salinity, PSS-78 [PSU]
# name 4 = sigma-é00: density, sigma-theta [kg/m^3]
# name 5 = flag:  0.000e+00
# name 6 = nbin: number of scans per bin
# span 0 = 3.000, 113.000                         
# span 1 = 19.3817, 23.4071                       
# span 2 = 4.673657, 5.047747                     
# span 3 = 34.1964, 34.6200                       
# span 4 = 23.2070, 24.5463                       
# span 5 = 0.0000e+00, 0.0000e+00                 
# span 6 = 3.0000, 12.0000                        
# interval = decibars: 1                                
# start_time = Dec 25 2007 19:17:31
# bad_flag = -9.990e-29
*END*
      3.000    23.1779   5.022565    34.2690    23.3283 0.0000e+00     3.0000
      4.000    23.2258   5.025890    34.2569    23.3053 0.0000e+00    11.0000
      5.000    23.4071   5.036429    34.1964    23.2070 0.0000e+00     9.0000
      6.000    23.3885   5.047747    34.2969    23.2886 0.0000e+00     5.0000
      7.000    23.2974   5.042723    34.3290    23.3394 0.0000e+00     8.0000
      8.000    23.0969   5.028409    34.3754    23.4325 0.0000e+00     6.0000
      9.000    23.0502   5.021067    34.3552    23.4307 0.0000e+00     5.0000
     10.000    22.9424   5.012870    34.3762    23.4776 0.0000e+00     4.0000
     11.000    22.9028   5.006204    34.3555    23.4734 0.0000e+00     4.0000
     12.000    22.8958   5.007221    34.3685    23.4853 0.0000e+00     5.0000
     13.000    22.4674   4.978674    34.4845    23.6954 0.0000e+00     5.0000
     14.000    22.2905   4.958866    34.4700    23.7344 0.0000e+00     6.0000
     15.000    22.2438   4.956828    34.4908    23.7634 0.0000e+00     7.0000
     16.000    22.2516   4.952597    34.4512    23.7312 0.0000e+00     5.0000
     17.000    22.2235   4.947552    34.4337    23.7259 0.0000e+00     5.0000
     18.000    22.1816   4.942923    34.4304    23.7352 0.0000e+00     4.0000
     19.000    22.1300   4.937414    34.4279    23.7479 0.0000e+00     5.0000
     20.000    22.0390   4.930767    34.4478    23.7885 0.0000e+00     4.0000
     21.000    21.8288   4.912919    34.4747    23.8676 0.0000e+00     4.0000
     22.000    21.6670   4.896446    34.4737    23.9117 0.0000e+00     4.0000
     23.000    21.6538   4.896019    34.4805    23.9207 0.0000e+00     6.0000
     24.000    21.5996   4.897782    34.5376    23.9790 0.0000e+00     6.0000
     25.000    21.4211   4.883530    34.5677    24.0512 0.0000e+00     5.0000
     26.000    21.3236   4.867523    34.5186    24.0406 0.0000e+00     5.0000
     27.000    21.0180   4.848167    34.6106    24.1940 0.0000e+00     5.0000
     28.000    20.7596   4.816009    34.5618    24.2267 0.0000e+00     5.0000
     29.000    20.7558   4.810057    34.5166    24.1934 0.0000e+00     4.0000
     30.000    20.7414   4.807169    34.5047    24.1883 0.0000e+00     3.0000
     31.000    20.7184   4.804005    34.4975    24.1890 0.0000e+00     4.0000
     32.000    20.6715   4.802192    34.5206    24.2193 0.0000e+00     5.0000
     33.000    20.4997   4.796372    34.6133    24.3359 0.0000e+00     5.0000
     34.000    20.4343   4.783968    34.5659    24.3173 0.0000e+00     6.0000
     35.000    20.2262   4.769709    34.6200    24.4139 0.0000e+00     4.0000
     36.000    19.6949   4.700299    34.4884    24.4530 0.0000e+00     4.0000
     37.000    19.7360   4.705040    34.4932    24.4460 0.0000e+00     4.0000
     38.000    19.7347   4.704811    34.4920    24.4455 0.0000e+00     3.0000
     39.000    19.7382   4.705511    34.4945    24.4466 0.0000e+00     4.0000
     40.000    19.7232   4.703326    34.4885    24.4460 0.0000e+00     5.0000
     41.000    19.7170   4.703802    34.4972    24.4543 0.0000e+00     5.0000
     42.000    19.7601   4.708345    34.4987    24.4442 0.0000e+00     5.0000
     43.000    19.7903   4.710704    34.4929    24.4319 0.0000e+00     5.0000
     44.000    19.7397   4.705051    34.4877    24.4412 0.0000e+00     5.0000
     45.000    19.7094   4.703036    34.4957    24.4553 0.0000e+00     4.0000
     46.000    19.7082   4.703182    34.4976    24.4571 0.0000e+00     4.0000
     47.000    19.7221   4.704653    34.4979    24.4537 0.0000e+00     5.0000
     48.000    19.7208   4.704542    34.4977    24.4540 0.0000e+00     4.0000
     49.000    19.7273   4.705575    34.5005    24.4544 0.0000e+00     5.0000
     50.000    19.7422   4.706622    34.4964    24.4475 0.0000e+00     4.0000
     51.000    19.7346   4.705943    34.4968    24.4498 0.0000e+00     4.0000
     52.000    19.7274   4.705453    34.4983    24.4529 0.0000e+00     3.0000
     53.000    19.7383   4.707035    34.5020    24.4529 0.0000e+00     4.0000
     54.000    19.7487   4.707683    34.4984    24.4475 0.0000e+00     5.0000
     55.000    19.7365   4.706602    34.4992    24.4514 0.0000e+00     7.0000
     56.000    19.7478   4.707955    34.5007    24.4496 0.0000e+00     5.0000
     57.000    19.7587   4.708915    34.4992    24.4457 0.0000e+00     5.0000
     58.000    19.7561   4.708720    34.4994    24.4465 0.0000e+00     5.0000
     59.000    19.7664   4.709690    34.4985    24.4433 0.0000e+00     3.0000
     60.000    19.7579   4.708770    34.4976    24.4448 0.0000e+00     3.0000
     61.000    19.7593   4.708976    34.4978    24.4446 0.0000e+00     4.0000
     62.000    19.7384   4.706595    34.4951    24.4481 0.0000e+00     3.0000
     63.000    19.7279   4.706206    34.5002    24.4547 0.0000e+00     5.0000
     64.000    19.7370   4.707113    34.4998    24.4521 0.0000e+00     6.0000
     65.000    19.7476   4.708095    34.4988    24.4486 0.0000e+00     5.0000
     66.000    19.7426   4.707625    34.4987    24.4499 0.0000e+00     4.0000
     67.000    19.7470   4.708191    34.4994    24.4493 0.0000e+00     5.0000
     68.000    19.7459   4.708183    34.4998    24.4500 0.0000e+00     5.0000
     69.000    19.7311   4.706368    34.4967    24.4516 0.0000e+00     4.0000
     70.000    19.7287   4.706955    34.5032    24.4572 0.0000e+00     4.0000
     71.000    19.7286   4.706908    34.5025    24.4567 0.0000e+00     5.0000
     72.000    19.7411   4.707878    34.4999    24.4515 0.0000e+00     4.0000
     73.000    19.7383   4.707762    34.5009    24.4530 0.0000e+00     4.0000
     74.000    19.7359   4.707447    34.4999    24.4529 0.0000e+00     3.0000
     75.000    19.7387   4.708038    34.5021    24.4539 0.0000e+00     4.0000
     76.000    19.7439   4.708404    34.5005    24.4514 0.0000e+00     6.0000
     77.000    19.7395   4.707924    34.4998    24.4521 0.0000e+00     7.0000
     78.000    19.7332   4.707519    34.5013    24.4549 0.0000e+00     5.0000
     79.000    19.7313   4.707318    34.5008    24.4551 0.0000e+00     5.0000
     80.000    19.7341   4.707601    34.5005    24.4542 0.0000e+00     3.0000
     81.000    19.7333   4.707551    34.5004    24.4543 0.0000e+00     3.0000
     82.000    19.7265   4.706713    34.4988    24.4549 0.0000e+00     4.0000
     83.000    19.7337   4.708353    34.5060    24.4586 0.0000e+00     3.0000
     84.000    19.7464   4.708852    34.4992    24.4502 0.0000e+00     4.0000
     85.000    19.7421   4.708553    34.5000    24.4519 0.0000e+00     7.0000
     86.000    19.7229   4.706610    34.4995    24.4566 0.0000e+00     7.0000
     87.000    19.7261   4.707290    34.5021    24.4578 0.0000e+00     4.0000
     88.000    19.7339   4.708096    34.5019    24.4557 0.0000e+00     4.0000
     89.000    19.7417   4.708725    34.5003    24.4525 0.0000e+00     4.0000
     90.000    19.7420   4.708775    34.5001    24.4523 0.0000e+00     4.0000
     91.000    19.7462   4.709330    34.5009    24.4518 0.0000e+00     4.0000
     92.000    19.7518   4.709658    34.4986    24.4487 0.0000e+00     4.0000
     93.000    19.7468   4.709674    34.5025    24.4530 0.0000e+00     4.0000
     94.000    19.7513   4.709728    34.4989    24.4491 0.0000e+00     6.0000
     95.000    19.7403   4.708834    34.5002    24.4531 0.0000e+00     6.0000
     96.000    19.7542   4.710133    34.4991    24.4486 0.0000e+00     6.0000
     97.000    19.7433   4.709360    34.5014    24.4532 0.0000e+00     4.0000
     98.000    19.7560   4.710437    34.4994    24.4485 0.0000e+00     3.0000
     99.000    19.7483   4.708994    34.4935    24.4461 0.0000e+00     4.0000
    100.000    19.6819   4.702304    34.4928    24.4629 0.0000e+00     4.0000
    101.000    19.6630   4.701602    34.5023    24.4750 0.0000e+00     4.0000
    102.000    19.6645   4.699816    34.4860    24.4622 0.0000e+00     3.0000
    103.000    19.5472   4.688505    34.4891    24.4951 0.0000e+00     4.0000
    104.000    19.4941   4.685533    34.5081    24.5233 0.0000e+00     5.0000
    105.000    19.5542   4.691081    34.5039    24.5046 0.0000e+00    12.0000
    106.000    19.5390   4.689161    34.5003    24.5058 0.0000e+00     5.0000
    107.000    19.4745   4.682002    34.4941    24.5178 0.0000e+00     3.0000
    108.000    19.4496   4.680813    34.5044    24.5322 0.0000e+00     4.0000
    109.000    19.4421   4.679882    34.5026    24.5328 0.0000e+00     3.0000
    110.000    19.4126   4.676986    34.5027    24.5405 0.0000e+00     3.0000
    111.000    19.4198   4.678157    34.5061    24.5413 0.0000e+00     4.0000
    112.000    19.4108   4.677391    34.5068    24.5442 0.0000e+00     3.0000
    113.000    19.3817   4.673657    34.4996    24.5463 0.0000e+00     3.0000
