CTD/CNV/C12.CNV
* Sea-Bird SBE 9 Raw Data File:
* FileName = D:\SS4249\CR1267\C12.DAT
* Software Version 4.249
* Temperature SN = 1572
* Conductivity SN = 1344
* Number of Bytes Per Scan = 38
* Number of Voltage Words = 5
* Number of Scans Averaged by the Deck Unit = 4
* NMEA Latitude = 21 54.18 N
* NMEA Longitude = 120 46.24 E
* NMEA UTC (Time) = Dec 25 2007  20:20:59
** Ship:      OR3
** Cruise:    1267
** Station:   C12
** Latitude:  21-54.217
** Longitude: 120-46.249
** 119M
# nquan = 7
# nvalues = 115                         
# units = metric
# name 0 = pr: pressure [db]
# name 1 = t090: temperature, ITS-90 [deg C]
# name 2 = c0S/m: conductivity [S/m]
# name 3 = sal00: salinity, PSS-78 [PSU]
# name 4 = sigma-é00: density, sigma-theta [kg/m^3]
# name 5 = flag:  0.000e+00
# name 6 = nbin: number of scans per bin
# span 0 = 2.000, 116.000                         
# span 1 = 19.0598, 23.3953                       
# span 2 = 4.641869, 5.050580                     
# span 3 = 34.2718, 34.5068                       
# span 4 = 23.2969, 24.6327                       
# span 5 = 0.0000e+00, 0.0000e+00                 
# span 6 = 2.0000, 6.0000                         
# interval = decibars: 1                                
# start_time = Dec 25 2007 20:20:59
# bad_flag = -9.990e-29
*END*
      2.000    23.3374   5.044612    34.3139    23.3161 0.0000e+00     6.0000
      3.000    23.3419   5.045652    34.3181    23.3180 0.0000e+00     2.0000
      4.000    23.3753   5.048341    34.3123    23.3040 0.0000e+00     5.0000
      5.000    23.3798   5.048488    34.3096    23.3007 0.0000e+00     3.0000
      6.000    23.3767   5.048388    34.3109    23.3026 0.0000e+00     4.0000
      7.000    23.3777   5.048445    34.3103    23.3019 0.0000e+00     5.0000
      8.000    23.3771   5.048463    34.3105    23.3024 0.0000e+00     4.0000
      9.000    23.3717   5.047670    34.3084    23.3023 0.0000e+00     4.0000
     10.000    23.3538   5.046279    34.3113    23.3098 0.0000e+00     3.0000
     11.000    23.3462   5.045569    34.3115    23.3122 0.0000e+00     4.0000
     12.000    23.3521   5.046777    34.3158    23.3138 0.0000e+00     3.0000
     13.000    23.3750   5.048647    34.3120    23.3043 0.0000e+00     4.0000
     14.000    23.3846   5.049520    34.3108    23.3008 0.0000e+00     3.0000
     15.000    23.3907   5.050034    34.3097    23.2982 0.0000e+00     4.0000
     16.000    23.3881   5.049814    34.3097    23.2990 0.0000e+00     3.0000
     17.000    23.3953   5.050580    34.3096    23.2969 0.0000e+00     4.0000
     18.000    23.3920   5.050331    34.3100    23.2982 0.0000e+00     4.0000
     19.000    23.3853   5.049487    34.3084    23.2990 0.0000e+00     4.0000
     20.000    23.3799   5.049153    34.3097    23.3016 0.0000e+00     4.0000
     21.000    23.3731   5.048567    34.3102    23.3040 0.0000e+00     5.0000
     22.000    23.3621   5.047520    34.3105    23.3075 0.0000e+00     4.0000
     23.000    23.3678   5.048439    34.3127    23.3076 0.0000e+00     4.0000
     24.000    23.3699   5.048130    34.3084    23.3038 0.0000e+00     3.0000
     25.000    23.3587   5.047535    34.3122    23.3100 0.0000e+00     4.0000
     26.000    23.3678   5.048318    34.3108    23.3063 0.0000e+00     3.0000
     27.000    23.3613   5.047514    34.3094    23.3072 0.0000e+00     3.0000
     28.000    23.3505   5.046606    34.3105    23.3113 0.0000e+00     4.0000
     29.000    23.3122   5.041844    34.3036    23.3172 0.0000e+00     4.0000
     30.000    23.2531   5.037040    34.3125    23.3411 0.0000e+00     4.0000
     31.000    23.2694   5.039055    34.3149    23.3383 0.0000e+00     5.0000
     32.000    23.2824   5.040169    34.3130    23.3331 0.0000e+00     5.0000
     33.000    23.3019   5.042140    34.3126    23.3272 0.0000e+00     4.0000
     34.000    23.2849   5.039926    34.3086    23.3291 0.0000e+00     3.0000
     35.000    23.2096   5.031592    34.3031    23.3468 0.0000e+00     4.0000
     36.000    23.0607   5.016838    34.3057    23.3917 0.0000e+00     3.0000
     37.000    23.0225   5.016566    34.3331    23.4236 0.0000e+00     2.0000
     38.000    22.9477   5.004583    34.2990    23.4193 0.0000e+00     4.0000
     39.000    22.8419   4.997983    34.3306    23.4736 0.0000e+00     3.0000
     40.000    23.0410   5.020123    34.3450    23.4274 0.0000e+00     6.0000
     41.000    23.1632   5.028857    34.3163    23.3706 0.0000e+00     6.0000
     42.000    23.1454   5.027263    34.3176    23.3768 0.0000e+00     5.0000
     43.000    23.1346   5.026590    34.3206    23.3822 0.0000e+00     4.0000
     44.000    22.9542   5.004827    34.2939    23.4138 0.0000e+00     4.0000
     45.000    22.9103   5.009411    34.3632    23.4790 0.0000e+00     4.0000
     46.000    23.0225   5.008973    34.2718    23.3776 0.0000e+00     3.0000
     47.000    22.3584   4.946023    34.3052    23.5920 0.0000e+00     4.0000
     48.000    22.2755   4.948573    34.3902    23.6799 0.0000e+00     3.0000
     49.000    22.4053   4.958547    34.3650    23.6243 0.0000e+00     4.0000
     50.000    22.5320   4.968692    34.3437    23.5723 0.0000e+00     3.0000
     51.000    22.4666   4.961828    34.3415    23.5893 0.0000e+00     5.0000
     52.000    21.8786   4.897979    34.3070    23.7280 0.0000e+00     5.0000
     53.000    21.6482   4.890450    34.4308    23.8860 0.0000e+00     5.0000
     54.000    21.8125   4.900123    34.3758    23.7987 0.0000e+00     5.0000
     55.000    21.8137   4.900188    34.3750    23.7979 0.0000e+00     4.0000
     56.000    21.7631   4.896189    34.3834    23.8184 0.0000e+00     5.0000
     57.000    21.7554   4.895919    34.3871    23.8233 0.0000e+00     4.0000
     58.000    21.7425   4.894608    34.3867    23.8267 0.0000e+00     3.0000
     59.000    21.7548   4.895793    34.3859    23.8227 0.0000e+00     4.0000
     60.000    21.7360   4.894301    34.3888    23.8302 0.0000e+00     5.0000
     61.000    21.4734   4.862165    34.3439    23.8686 0.0000e+00     5.0000
     62.000    21.1578   4.840235    34.4222    24.0145 0.0000e+00     4.0000
     63.000    21.0631   4.830460    34.4200    24.0386 0.0000e+00     4.0000
     64.000    21.0105   4.825349    34.4212    24.0538 0.0000e+00     3.0000
     65.000    20.9830   4.823394    34.4274    24.0660 0.0000e+00     5.0000
     66.000    20.9761   4.822636    34.4265    24.0673 0.0000e+00     4.0000
     67.000    20.9380   4.819000    34.4278    24.0786 0.0000e+00     5.0000
     68.000    20.8995   4.816684    34.4400    24.0983 0.0000e+00     4.0000
     69.000    20.9399   4.820202    34.4352    24.0838 0.0000e+00     5.0000
     70.000    20.9378   4.820023    34.4351    24.0844 0.0000e+00     5.0000
     71.000    20.9381   4.820026    34.4346    24.0839 0.0000e+00     3.0000
     72.000    20.9136   4.817886    34.4369    24.0923 0.0000e+00     3.0000
     73.000    20.9115   4.817773    34.4373    24.0933 0.0000e+00     4.0000
     74.000    20.8973   4.816331    34.4369    24.0969 0.0000e+00     3.0000
     75.000    20.8711   4.813962    34.4387    24.1054 0.0000e+00     4.0000
     76.000    20.7783   4.804784    34.4396    24.1312 0.0000e+00     4.0000
     77.000    20.7793   4.806515    34.4524    24.1407 0.0000e+00     4.0000
     78.000    20.8095   4.808951    34.4472    24.1286 0.0000e+00     4.0000
     79.000    20.7861   4.806089    34.4428    24.1316 0.0000e+00     6.0000
     80.000    20.6410   4.790670    34.4358    24.1653 0.0000e+00     5.0000
     81.000    20.2701   4.756791    34.4629    24.2848 0.0000e+00     5.0000
     82.000    20.1914   4.749874    34.4705    24.3115 0.0000e+00     4.0000
     83.000    20.1509   4.746474    34.4756    24.3261 0.0000e+00     4.0000
     84.000    20.1697   4.748833    34.4791    24.3238 0.0000e+00     3.0000
     85.000    20.1754   4.748652    34.4726    24.3174 0.0000e+00     3.0000
     86.000    20.1402   4.744925    34.4707    24.3253 0.0000e+00     3.0000
     87.000    20.1270   4.744585    34.4783    24.3347 0.0000e+00     3.0000
     88.000    20.1171   4.743184    34.4747    24.3345 0.0000e+00     4.0000
     89.000    20.0945   4.741210    34.4767    24.3421 0.0000e+00     4.0000
     90.000    20.0051   4.731746    34.4723    24.3623 0.0000e+00     5.0000
     91.000    19.8987   4.722128    34.4805    24.3965 0.0000e+00     4.0000
     92.000    19.8627   4.719158    34.4854    24.4096 0.0000e+00     5.0000
     93.000    19.8480   4.717923    34.4870    24.4148 0.0000e+00     6.0000
     94.000    19.8301   4.715879    34.4846    24.4176 0.0000e+00     4.0000
     95.000    19.8056   4.713721    34.4866    24.4257 0.0000e+00     4.0000
     96.000    19.7804   4.711270    34.4869    24.4325 0.0000e+00     3.0000
     97.000    19.7499   4.707137    34.4777    24.4334 0.0000e+00     4.0000
     98.000    19.6430   4.697243    34.4839    24.4661 0.0000e+00     3.0000
     99.000    19.6088   4.694691    34.4908    24.4802 0.0000e+00     3.0000
    100.000    19.5534   4.688480    34.4849    24.4901 0.0000e+00     4.0000
    101.000    19.5145   4.686028    34.4964    24.5090 0.0000e+00     5.0000
    102.000    19.5219   4.686744    34.4958    24.5067 0.0000e+00     5.0000
    103.000    19.4661   4.679899    34.4850    24.5129 0.0000e+00     4.0000
    104.000    19.3878   4.672833    34.4910    24.5377 0.0000e+00     4.0000
    105.000    19.3384   4.668396    34.4947    24.5533 0.0000e+00     3.0000
    106.000    19.3116   4.665447    34.4921    24.5582 0.0000e+00     4.0000
    107.000    19.2482   4.659367    34.4939    24.5759 0.0000e+00     4.0000
    108.000    19.2131   4.656303    34.4972    24.5874 0.0000e+00     4.0000
    109.000    19.1626   4.650990    34.4945    24.5984 0.0000e+00     4.0000
    110.000    19.0625   4.641869    34.5014    24.6292 0.0000e+00     5.0000
    111.000    19.0920   4.645411    34.5060    24.6252 0.0000e+00     4.0000
    112.000    19.1129   4.647162    34.5029    24.6175 0.0000e+00     5.0000
    113.000    19.1200   4.647908    34.5028    24.6157 0.0000e+00     5.0000
    114.000    19.1008   4.645629    34.4994    24.6181 0.0000e+00     4.0000
    115.000    19.0598   4.642233    34.5049    24.6327 0.0000e+00     4.0000
    116.000    19.1128   4.647798    34.5068    24.6208 0.0000e+00     5.0000
