CTD/CNV/C13.CNV
* Sea-Bird SBE 9 Raw Data File:
* FileName = D:\SS4249\CR1267\C13.DAT
* Software Version 4.249
* Temperature SN = 1572
* Conductivity SN = 1344
* Number of Bytes Per Scan = 38
* Number of Voltage Words = 5
* Number of Scans Averaged by the Deck Unit = 4
* NMEA Latitude = 21 54.10 N
* NMEA Longitude = 120 46.50 E
* NMEA UTC (Time) = Dec 25 2007  21:24:00
** Ship:      OR3
** Cruise:    1267
** Station:   C13
** Latitude:  21-54.123
** Longitude: 120-46.488
** 115M
# nquan = 7
# nvalues = 109                         
# units = metric
# name 0 = pr: pressure [db]
# name 1 = t090: temperature, ITS-90 [deg C]
# name 2 = c0S/m: conductivity [S/m]
# name 3 = sal00: salinity, PSS-78 [PSU]
# name 4 = sigma-é00: density, sigma-theta [kg/m^3]
# name 5 = flag:  0.000e+00
# name 6 = nbin: number of scans per bin
# span 0 = 2.000, 110.000                         
# span 1 = 19.1809, 23.7983                       
# span 2 = 4.654018, 5.088958                     
# span 3 = 34.2635, 34.5131                       
# span 4 = 23.1660, 24.6011                       
# span 5 = 0.0000e+00, 0.0000e+00                 
# span 6 = 2.0000, 8.0000                         
# interval = decibars: 1                                
# start_time = Dec 25 2007 21:24:00
# bad_flag = -9.990e-29
*END*
      2.000    23.7611   5.085359    34.2956    23.1786 0.0000e+00     8.0000
      3.000    23.7609   5.085337    34.2952    23.1784 0.0000e+00     3.0000
      4.000    23.7588   5.086252    34.3035    23.1854 0.0000e+00     2.0000
      5.000    23.7983   5.088958    34.2931    23.1660 0.0000e+00     4.0000
      6.000    23.7945   5.088624    34.2932    23.1672 0.0000e+00     4.0000
      7.000    23.7671   5.085267    34.2886    23.1719 0.0000e+00     3.0000
      8.000    23.7640   5.086168    34.2975    23.1796 0.0000e+00     5.0000
      9.000    23.6656   5.071693    34.2635    23.1827 0.0000e+00     4.0000
     10.000    23.3979   5.047526    34.2866    23.2783 0.0000e+00     3.0000
     11.000    23.3039   5.042513    34.3210    23.3317 0.0000e+00     3.0000
     12.000    23.2534   5.036138    34.3113    23.3390 0.0000e+00     3.0000
     13.000    23.1844   5.029555    34.3143    23.3613 0.0000e+00     3.0000
     14.000    23.0861   5.018403    34.3050    23.3827 0.0000e+00     4.0000
     15.000    22.9408   5.007531    34.3347    23.4469 0.0000e+00     5.0000
     16.000    22.8738   5.001616    34.3412    23.4712 0.0000e+00     5.0000
     17.000    22.8896   5.004250    34.3488    23.4724 0.0000e+00     4.0000
     18.000    22.9587   5.010889    34.3455    23.4502 0.0000e+00     3.0000
     19.000    22.9820   5.012554    34.3398    23.4392 0.0000e+00     3.0000
     20.000    22.9666   5.010458    34.3354    23.4404 0.0000e+00     3.0000
     21.000    22.8268   4.988782    34.2774    23.4365 0.0000e+00     3.0000
     22.000    22.6119   4.976917    34.3539    23.5558 0.0000e+00     4.0000
     23.000    22.6066   4.976973    34.3581    23.5606 0.0000e+00     4.0000
     24.000    22.6297   4.978827    34.3540    23.5510 0.0000e+00     5.0000
     25.000    22.5774   4.973799    34.3558    23.5673 0.0000e+00     3.0000
     26.000    22.5905   4.976081    34.3629    23.5690 0.0000e+00     4.0000
     27.000    22.5479   4.970330    34.3515    23.5724 0.0000e+00     3.0000
     28.000    22.4983   4.963659    34.3384    23.5766 0.0000e+00     3.0000
     29.000    22.3711   4.954269    34.3653    23.6331 0.0000e+00     4.0000
     30.000    22.3380   4.951894    34.3726    23.6480 0.0000e+00     4.0000
     31.000    22.3341   4.951743    34.3742    23.6504 0.0000e+00     5.0000
     32.000    22.3319   4.951534    34.3740    23.6509 0.0000e+00     4.0000
     33.000    22.3240   4.950844    34.3745    23.6536 0.0000e+00     3.0000
     34.000    22.2742   4.945329    34.3705    23.6646 0.0000e+00     3.0000
     35.000    22.2495   4.943496    34.3754    23.6753 0.0000e+00     3.0000
     36.000    22.2175   4.941688    34.3863    23.6926 0.0000e+00     3.0000
     37.000    22.2137   4.940679    34.3811    23.6898 0.0000e+00     4.0000
     38.000    22.1716   4.937319    34.3878    23.7068 0.0000e+00     4.0000
     39.000    22.1427   4.934823    34.3909    23.7173 0.0000e+00     5.0000
     40.000    22.1190   4.932272    34.3894    23.7228 0.0000e+00     4.0000
     41.000    22.0832   4.928805    34.3903    23.7336 0.0000e+00     3.0000
     42.000    22.0251   4.922367    34.3856    23.7463 0.0000e+00     4.0000
     43.000    21.8841   4.909342    34.3950    23.7929 0.0000e+00     4.0000
     44.000    21.8547   4.908555    34.4119    23.8139 0.0000e+00     4.0000
     45.000    21.8503   4.908038    34.4110    23.8145 0.0000e+00     3.0000
     46.000    21.8363   4.906959    34.4133    23.8202 0.0000e+00     3.0000
     47.000    21.8407   4.908012    34.4178    23.8224 0.0000e+00     3.0000
     48.000    21.8425   4.907826    34.4145    23.8195 0.0000e+00     3.0000
     49.000    21.8387   4.907606    34.4155    23.8214 0.0000e+00     4.0000
     50.000    21.8192   4.905047    34.4106    23.8231 0.0000e+00     5.0000
     51.000    21.7092   4.894538    34.4151    23.8571 0.0000e+00     4.0000
     52.000    21.6931   4.893967    34.4231    23.8677 0.0000e+00     4.0000
     53.000    21.6669   4.890076    34.4129    23.8673 0.0000e+00     3.0000
     54.000    21.6400   4.889315    34.4281    23.8863 0.0000e+00     3.0000
     55.000    21.6444   4.888774    34.4200    23.8789 0.0000e+00     4.0000
     56.000    21.6300   4.887752    34.4230    23.8853 0.0000e+00     4.0000
     57.000    21.6159   4.886591    34.4248    23.8906 0.0000e+00     5.0000
     58.000    21.6126   4.886199    34.4240    23.8909 0.0000e+00     5.0000
     59.000    21.6069   4.885542    34.4230    23.8918 0.0000e+00     3.0000
     60.000    21.6070   4.885900    34.4254    23.8937 0.0000e+00     4.0000
     61.000    21.6051   4.885314    34.4220    23.8916 0.0000e+00     2.0000
     62.000    21.5948   4.884181    34.4209    23.8937 0.0000e+00     3.0000
     63.000    21.5326   4.874725    34.3955    23.8916 0.0000e+00     3.0000
     64.000    21.4304   4.867346    34.4184    23.9372 0.0000e+00     3.0000
     65.000    21.3812   4.862980    34.4229    23.9541 0.0000e+00     4.0000
     66.000    21.3764   4.862811    34.4250    23.9571 0.0000e+00     5.0000
     67.000    21.3671   4.861820    34.4243    23.9591 0.0000e+00     6.0000
     68.000    21.3628   4.861252    34.4229    23.9593 0.0000e+00     5.0000
     69.000    21.3535   4.861079    34.4286    23.9663 0.0000e+00     3.0000
     70.000    21.3776   4.863600    34.4290    23.9600 0.0000e+00     4.0000
     71.000    21.3922   4.863782    34.4184    23.9480 0.0000e+00     2.0000
     72.000    21.3154   4.854874    34.4088    23.9618 0.0000e+00     3.0000
     73.000    21.2724   4.852200    34.4217    23.9834 0.0000e+00     3.0000
     74.000    21.2056   4.843907    34.4090    23.9920 0.0000e+00     4.0000
     75.000    21.0814   4.832165    34.4148    24.0303 0.0000e+00     3.0000
     76.000    20.9395   4.819190    34.4250    24.0765 0.0000e+00     4.0000
     77.000    20.8961   4.816600    34.4390    24.0989 0.0000e+00     4.0000
     78.000    20.9050   4.817918    34.4420    24.0989 0.0000e+00     4.0000
     79.000    20.9184   4.818530    34.4357    24.0906 0.0000e+00     4.0000
     80.000    20.8509   4.810999    34.4295    24.1041 0.0000e+00     4.0000
     81.000    20.7432   4.801651    34.4411    24.1420 0.0000e+00     5.0000
     82.000    20.7134   4.798341    34.4383    24.1479 0.0000e+00     4.0000
     83.000    20.2576   4.747317    34.3954    24.2367 0.0000e+00     4.0000
     84.000    20.0076   4.731555    34.4708    24.3602 0.0000e+00     4.0000
     85.000    20.0172   4.734510    34.4867    24.3698 0.0000e+00     3.0000
     86.000    20.0908   4.738845    34.4615    24.3313 0.0000e+00     3.0000
     87.000    20.0054   4.729321    34.4533    24.3475 0.0000e+00     4.0000
     88.000    19.8487   4.713728    34.4538    24.3890 0.0000e+00     3.0000
     89.000    19.7087   4.702844    34.4791    24.4449 0.0000e+00     3.0000
     90.000    19.6712   4.698618    34.4749    24.4514 0.0000e+00     3.0000
     91.000    19.6352   4.696776    34.4890    24.4716 0.0000e+00     4.0000
     92.000    19.6141   4.694562    34.4878    24.4762 0.0000e+00     3.0000
     93.000    19.6339   4.697375    34.4943    24.4761 0.0000e+00     5.0000
     94.000    19.6110   4.694585    34.4898    24.4787 0.0000e+00     5.0000
     95.000    19.6102   4.695078    34.4942    24.4823 0.0000e+00     5.0000
     96.000    19.5064   4.682578    34.4764    24.4956 0.0000e+00     4.0000
     97.000    19.3438   4.669179    34.4996    24.5553 0.0000e+00     4.0000
     98.000    19.3421   4.669701    34.5050    24.5598 0.0000e+00     3.0000
     99.000    19.3021   4.665200    34.5005    24.5667 0.0000e+00     4.0000
    100.000    19.2716   4.662967    34.5068    24.5795 0.0000e+00     4.0000
    101.000    19.2715   4.663748    34.5131    24.5843 0.0000e+00     3.0000
    102.000    19.2827   4.664048    34.5059    24.5760 0.0000e+00     4.0000
    103.000    19.2644   4.662555    34.5083    24.5826 0.0000e+00     3.0000
    104.000    19.2564   4.661842    34.5087    24.5849 0.0000e+00     3.0000
    105.000    19.2522   4.661890    34.5122    24.5887 0.0000e+00     4.0000
    106.000    19.2655   4.663242    34.5120    24.5853 0.0000e+00     4.0000
    107.000    19.2695   4.663638    34.5116    24.5840 0.0000e+00     3.0000
    108.000    19.2566   4.662132    34.5095    24.5857 0.0000e+00     4.0000
    109.000    19.2458   4.661121    34.5097    24.5887 0.0000e+00     3.0000
    110.000    19.1809   4.654018    34.5042    24.6011 0.0000e+00     2.0000
