CTD/CNV/C14.CNV
* Sea-Bird SBE 9 Raw Data File:
* FileName = D:\SS4249\CR1267\C14.DAT
* Software Version 4.249
* Temperature SN = 1572
* Conductivity SN = 1344
* Number of Bytes Per Scan = 38
* Number of Voltage Words = 5
* Number of Scans Averaged by the Deck Unit = 4
* NMEA Latitude = 21 54.28 N
* NMEA Longitude = 120 46.38 E
* NMEA UTC (Time) = Dec 25 2007  22:25:23
** Ship:      OR3
** Cruise:    1267
** Station:   C14
** Latitude:  21-54.294
** Longitude: 120-46.379
** 118M
# nquan = 7
# nvalues = 112                         
# units = metric
# name 0 = pr: pressure [db]
# name 1 = t090: temperature, ITS-90 [deg C]
# name 2 = c0S/m: conductivity [S/m]
# name 3 = sal00: salinity, PSS-78 [PSU]
# name 4 = sigma-é00: density, sigma-theta [kg/m^3]
# name 5 = flag:  0.000e+00
# name 6 = nbin: number of scans per bin
# span 0 = 2.000, 113.000                         
# span 1 = 20.5060, 23.7005                       
# span 2 = 4.782125, 5.079910                     
# span 3 = 34.2932, 34.4650                       
# span 4 = 23.1979, 24.2253                       
# span 5 = 0.0000e+00, 0.0000e+00                 
# span 6 = 2.0000, 8.0000                         
# interval = decibars: 1                                
# start_time = Dec 25 2007 22:25:23
# bad_flag = -9.990e-29
*END*
      2.000    23.6631   5.076531    34.3044    23.2140 0.0000e+00     5.0000
      3.000    23.6850   5.078531    34.3023    23.2060 0.0000e+00     3.0000
      4.000    23.7005   5.079910    34.3004    23.2002 0.0000e+00     4.0000
      5.000    23.6898   5.077906    34.2932    23.1979 0.0000e+00     4.0000
      6.000    23.5838   5.068120    34.3006    23.2345 0.0000e+00     4.0000
      7.000    23.5075   5.059716    34.2954    23.2529 0.0000e+00     5.0000
      8.000    23.4066   5.051072    34.3075    23.2915 0.0000e+00     5.0000
      9.000    23.2928   5.041805    34.3249    23.3377 0.0000e+00     4.0000
     10.000    23.2698   5.039430    34.3243    23.3440 0.0000e+00     4.0000
     11.000    23.2599   5.039172    34.3297    23.3510 0.0000e+00     4.0000
     12.000    23.2688   5.039438    34.3245    23.3446 0.0000e+00     3.0000
     13.000    23.2065   5.031544    34.3123    23.3534 0.0000e+00     4.0000
     14.000    23.1319   5.027323    34.3378    23.3943 0.0000e+00     4.0000
     15.000    23.1515   5.028848    34.3338    23.3857 0.0000e+00     4.0000
     16.000    23.1483   5.028763    34.3354    23.3878 0.0000e+00     4.0000
     17.000    23.1446   5.028043    34.3324    23.3867 0.0000e+00     5.0000
     18.000    23.1603   5.030735    34.3405    23.3884 0.0000e+00     6.0000
     19.000    23.2370   5.037332    34.3309    23.3590 0.0000e+00     5.0000
     20.000    23.2508   5.038529    34.3290    23.3536 0.0000e+00     3.0000
     21.000    23.1948   5.032652    34.3273    23.3686 0.0000e+00     4.0000
     22.000    23.1859   5.032562    34.3332    23.3757 0.0000e+00     3.0000
     23.000    23.2012   5.034038    34.3323    23.3706 0.0000e+00     3.0000
     24.000    23.1794   5.031692    34.3309    23.3760 0.0000e+00     4.0000
     25.000    23.1577   5.028408    34.3224    23.3758 0.0000e+00     3.0000
     26.000    23.1249   5.026676    34.3343    23.3944 0.0000e+00     4.0000
     27.000    23.1257   5.027087    34.3365    23.3959 0.0000e+00     3.0000
     28.000    23.1366   5.028030    34.3349    23.3916 0.0000e+00     5.0000
     29.000    23.1375   5.028103    34.3345    23.3911 0.0000e+00     6.0000
     30.000    23.1403   5.028234    34.3330    23.3892 0.0000e+00     5.0000
     31.000    23.1218   5.026092    34.3307    23.3928 0.0000e+00     5.0000
     32.000    22.9608   5.010132    34.3335    23.4413 0.0000e+00     4.0000
     33.000    22.9478   5.010873    34.3490    23.4568 0.0000e+00     4.0000
     34.000    22.9400   5.008070    34.3332    23.4472 0.0000e+00     4.0000
     35.000    22.7123   4.986618    34.3458    23.5218 0.0000e+00     3.0000
     36.000    22.7264   4.989304    34.3552    23.5250 0.0000e+00     3.0000
     37.000    22.5722   4.968463    34.3146    23.5381 0.0000e+00     3.0000
     38.000    22.3893   4.956866    34.3682    23.6306 0.0000e+00     2.0000
     39.000    22.3216   4.950392    34.3709    23.6518 0.0000e+00     3.0000
     40.000    22.2911   4.946969    34.3680    23.6583 0.0000e+00     4.0000
     41.000    22.1778   4.937635    34.3844    23.7026 0.0000e+00     6.0000
     42.000    21.9433   4.914356    34.3877    23.7708 0.0000e+00     8.0000
     43.000    21.8749   4.908828    34.3983    23.7979 0.0000e+00     5.0000
     44.000    21.8587   4.906872    34.3955    23.8003 0.0000e+00     4.0000
     45.000    21.8044   4.901220    34.3939    23.8143 0.0000e+00     3.0000
     46.000    21.7598   4.897518    34.3999    23.8313 0.0000e+00     3.0000
     47.000    21.7096   4.892339    34.3988    23.8443 0.0000e+00     3.0000
     48.000    21.6480   4.886552    34.4019    23.8638 0.0000e+00     3.0000
     49.000    21.6034   4.883627    34.4141    23.8854 0.0000e+00     4.0000
     50.000    21.6273   4.886418    34.4167    23.8809 0.0000e+00     4.0000
     51.000    21.5954   4.882133    34.4080    23.8831 0.0000e+00     4.0000
     52.000    21.5656   4.880307    34.4170    23.8982 0.0000e+00     3.0000
     53.000    21.5365   4.876996    34.4137    23.9038 0.0000e+00     4.0000
     54.000    21.5173   4.876341    34.4236    23.9166 0.0000e+00     4.0000
     55.000    21.4989   4.873365    34.4144    23.9148 0.0000e+00     4.0000
     56.000    21.4396   4.868009    34.4190    23.9347 0.0000e+00     5.0000
     57.000    21.3922   4.864279    34.4271    23.9538 0.0000e+00     4.0000
     58.000    21.3849   4.863908    34.4296    23.9579 0.0000e+00     5.0000
     59.000    21.3860   4.864180    34.4306    23.9583 0.0000e+00     4.0000
     60.000    21.3845   4.863876    34.4290    23.9576 0.0000e+00     4.0000
     61.000    21.3809   4.864179    34.4340    23.9624 0.0000e+00     4.0000
     62.000    21.4016   4.865904    34.4307    23.9543 0.0000e+00     4.0000
     63.000    21.3966   4.865506    34.4313    23.9561 0.0000e+00     3.0000
     64.000    21.3949   4.865129    34.4293    23.9552 0.0000e+00     3.0000
     65.000    21.3934   4.865433    34.4326    23.9581 0.0000e+00     4.0000
     66.000    21.3862   4.864403    34.4298    23.9580 0.0000e+00     5.0000
     67.000    21.3480   4.860814    34.4316    23.9699 0.0000e+00     5.0000
     68.000    21.2993   4.854274    34.4183    23.9732 0.0000e+00     4.0000
     69.000    21.2246   4.849117    34.4369    24.0078 0.0000e+00     4.0000
     70.000    21.2122   4.848357    34.4405    24.0140 0.0000e+00     3.0000
     71.000    21.2227   4.849539    34.4411    24.0116 0.0000e+00     3.0000
     72.000    21.2248   4.849642    34.4399    24.0102 0.0000e+00     4.0000
     73.000    21.2270   4.849907    34.4399    24.0097 0.0000e+00     4.0000
     74.000    21.1955   4.845935    34.4333    24.0132 0.0000e+00     4.0000
     75.000    21.1639   4.843401    34.4381    24.0256 0.0000e+00     4.0000
     76.000    21.1257   4.839377    34.4364    24.0347 0.0000e+00     4.0000
     77.000    21.0899   4.836786    34.4442    24.0504 0.0000e+00     4.0000
     78.000    21.0788   4.835740    34.4445    24.0537 0.0000e+00     4.0000
     79.000    21.0792   4.835863    34.4448    24.0539 0.0000e+00     5.0000
     80.000    21.0702   4.834829    34.4434    24.0553 0.0000e+00     4.0000
     81.000    21.0435   4.832349    34.4448    24.0637 0.0000e+00     5.0000
     82.000    21.0244   4.830588    34.4457    24.0696 0.0000e+00     4.0000
     83.000    21.0388   4.832623    34.4501    24.0691 0.0000e+00     5.0000
     84.000    21.0316   4.831300    34.4450    24.0672 0.0000e+00     3.0000
     85.000    21.0153   4.829725    34.4452    24.0718 0.0000e+00     3.0000
     86.000    21.0036   4.828664    34.4458    24.0755 0.0000e+00     3.0000
     87.000    20.9728   4.825017    34.4411    24.0803 0.0000e+00     3.0000
     88.000    20.9501   4.824161    34.4522    24.0950 0.0000e+00     3.0000
     89.000    20.8975   4.817573    34.4415    24.1011 0.0000e+00     4.0000
     90.000    20.8545   4.814284    34.4495    24.1189 0.0000e+00     6.0000
     91.000    20.8211   4.811690    34.4554    24.1324 0.0000e+00     5.0000
     92.000    20.8120   4.810658    34.4541    24.1339 0.0000e+00     4.0000
     93.000    20.8136   4.811088    34.4559    24.1349 0.0000e+00     4.0000
     94.000    20.8081   4.810925    34.4587    24.1386 0.0000e+00     4.0000
     95.000    20.8136   4.811102    34.4553    24.1346 0.0000e+00     4.0000
     96.000    20.8142   4.811564    34.4582    24.1366 0.0000e+00     3.0000
     97.000    20.8182   4.811681    34.4556    24.1336 0.0000e+00     4.0000
     98.000    20.8183   4.812014    34.4578    24.1353 0.0000e+00     4.0000
     99.000    20.8113   4.810948    34.4546    24.1348 0.0000e+00     5.0000
    100.000    20.7980   4.810016    34.4575    24.1407 0.0000e+00     4.0000
    101.000    20.7999   4.809968    34.4552    24.1385 0.0000e+00     3.0000
    102.000    20.7774   4.807792    34.4556    24.1449 0.0000e+00     4.0000
    103.000    20.7737   4.807878    34.4589    24.1485 0.0000e+00     4.0000
    104.000    20.7724   4.807772    34.4588    24.1487 0.0000e+00     4.0000
    105.000    20.7737   4.808009    34.4593    24.1488 0.0000e+00     5.0000
    106.000    20.7763   4.808254    34.4588    24.1478 0.0000e+00     4.0000
    107.000    20.7753   4.808239    34.4592    24.1484 0.0000e+00     4.0000
    108.000    20.7611   4.806238    34.4542    24.1485 0.0000e+00     4.0000
    109.000    20.7467   4.805313    34.4581    24.1554 0.0000e+00     3.0000
    110.000    20.6812   4.797645    34.4491    24.1662 0.0000e+00     4.0000
    111.000    20.6017   4.790355    34.4544    24.1916 0.0000e+00     5.0000
    112.000    20.5346   4.784882    34.4644    24.2171 0.0000e+00     7.0000
    113.000    20.5060   4.782125    34.4650    24.2253 0.0000e+00     8.0000
