CTD/CNV/C15.CNV
* Sea-Bird SBE 9 Raw Data File:
* FileName = D:\SS4249\CR1267\C15.DAT
* Software Version 4.249
* Temperature SN = 1572
* Conductivity SN = 1344
* Number of Bytes Per Scan = 38
* Number of Voltage Words = 5
* Number of Scans Averaged by the Deck Unit = 4
* NMEA Latitude = 21 54.20 N
* NMEA Longitude = 120 46.20 E
* NMEA UTC (Time) = Dec 25 2007  23:22:33
** Ship:      OR3
** Cruise:    1267
** Station:   C15
** Latitude:  21-54.231
** Longitude: 120-46.235
** 120M
# nquan = 7
# nvalues = 115                         
# units = metric
# name 0 = pr: pressure [db]
# name 1 = t090: temperature, ITS-90 [deg C]
# name 2 = c0S/m: conductivity [S/m]
# name 3 = sal00: salinity, PSS-78 [PSU]
# name 4 = sigma-é00: density, sigma-theta [kg/m^3]
# name 5 = flag:  0.000e+00
# name 6 = nbin: number of scans per bin
# span 0 = 2.000, 116.000                         
# span 1 = 20.1148, 23.0221                       
# span 2 = 4.744885, 5.014920                     
# span 3 = 34.3290, 34.4840                       
# span 4 = 23.4187, 24.3410                       
# span 5 = 0.0000e+00, 0.0000e+00                 
# span 6 = 3.0000, 7.0000                         
# interval = decibars: 1                                
# start_time = Dec 25 2007 23:22:33
# bad_flag = -9.990e-29
*END*
      2.000    23.0108   5.013387    34.3292    23.4220 0.0000e+00     3.0000
      3.000    23.0083   5.013560    34.3322    23.4250 0.0000e+00     4.0000
      4.000    23.0221   5.014920    34.3315    23.4206 0.0000e+00     4.0000
      5.000    23.0219   5.014608    34.3290    23.4187 0.0000e+00     4.0000
      6.000    23.0161   5.014331    34.3310    23.4220 0.0000e+00     5.0000
      7.000    23.0181   5.014489    34.3304    23.4210 0.0000e+00     5.0000
      8.000    23.0156   5.014341    34.3309    23.4222 0.0000e+00     4.0000
      9.000    23.0132   5.014095    34.3305    23.4227 0.0000e+00     4.0000
     10.000    23.0114   5.014033    34.3311    23.4237 0.0000e+00     5.0000
     11.000    23.0147   5.014457    34.3315    23.4231 0.0000e+00     4.0000
     12.000    23.0110   5.014043    34.3308    23.4237 0.0000e+00     5.0000
     13.000    23.0033   5.013244    34.3304    23.4256 0.0000e+00     5.0000
     14.000    22.9760   5.010593    34.3310    23.4340 0.0000e+00     5.0000
     15.000    22.9275   5.005633    34.3304    23.4475 0.0000e+00     4.0000
     16.000    22.8895   5.002915    34.3389    23.4649 0.0000e+00     4.0000
     17.000    22.9233   5.006070    34.3364    23.4534 0.0000e+00     3.0000
     18.000    22.8664   4.999756    34.3320    23.4664 0.0000e+00     4.0000
     19.000    22.8504   4.999179    34.3398    23.4769 0.0000e+00     6.0000
     20.000    22.8409   4.998135    34.3388    23.4790 0.0000e+00     5.0000
     21.000    22.8312   4.997492    34.3411    23.4836 0.0000e+00     5.0000
     22.000    22.8345   4.997560    34.3387    23.4809 0.0000e+00     4.0000
     23.000    22.8012   4.993979    34.3369    23.4890 0.0000e+00     4.0000
     24.000    22.7472   4.989297    34.3427    23.5089 0.0000e+00     4.0000
     25.000    22.7145   4.986354    34.3453    23.5203 0.0000e+00     5.0000
     26.000    22.6869   4.983483    34.3444    23.5275 0.0000e+00     4.0000
     27.000    22.6455   4.980028    34.3499    23.5435 0.0000e+00     5.0000
     28.000    22.6274   4.977831    34.3468    23.5464 0.0000e+00     4.0000
     29.000    22.5812   4.973399    34.3484    23.5608 0.0000e+00     4.0000
     30.000    22.5253   4.968262    34.3522    23.5796 0.0000e+00     4.0000
     31.000    22.5091   4.967235    34.3567    23.5876 0.0000e+00     6.0000
     32.000    22.4716   4.963976    34.3606    23.6012 0.0000e+00     6.0000
     33.000    22.4400   4.959735    34.3522    23.6039 0.0000e+00     4.0000
     34.000    22.3618   4.953192    34.3626    23.6339 0.0000e+00     4.0000
     35.000    22.3307   4.950063    34.3625    23.6426 0.0000e+00     4.0000
     36.000    22.3065   4.947885    34.3643    23.6509 0.0000e+00     4.0000
     37.000    22.2756   4.945420    34.3691    23.6633 0.0000e+00     3.0000
     38.000    22.2772   4.944852    34.3631    23.6584 0.0000e+00     4.0000
     39.000    22.2303   4.941202    34.3714    23.6779 0.0000e+00     3.0000
     40.000    22.1912   4.936408    34.3645    23.6837 0.0000e+00     4.0000
     41.000    22.1167   4.930195    34.3746    23.7123 0.0000e+00     6.0000
     42.000    22.0958   4.928441    34.3771    23.7201 0.0000e+00     6.0000
     43.000    22.0787   4.926714    34.3768    23.7247 0.0000e+00     5.0000
     44.000    22.0150   4.920181    34.3758    23.7418 0.0000e+00     5.0000
     45.000    21.9292   4.912478    34.3832    23.7714 0.0000e+00     5.0000
     46.000    21.9247   4.913321    34.3930    23.7802 0.0000e+00     4.0000
     47.000    21.9564   4.915083    34.3813    23.7625 0.0000e+00     4.0000
     48.000    21.8400   4.900728    34.3607    23.7793 0.0000e+00     4.0000
     49.000    21.4110   4.861452    34.3923    23.9218 0.0000e+00     3.0000
     50.000    21.2978   4.849772    34.3898    23.9510 0.0000e+00     4.0000
     51.000    21.1107   4.832193    34.3997    24.0095 0.0000e+00     5.0000
     52.000    20.6995   4.794158    34.4262    24.1409 0.0000e+00     5.0000
     53.000    20.6116   4.787718    34.4452    24.1790 0.0000e+00     4.0000
     54.000    20.5936   4.786071    34.4462    24.1846 0.0000e+00     4.0000
     55.000    20.5610   4.782856    34.4464    24.1935 0.0000e+00     4.0000
     56.000    20.5585   4.782700    34.4468    24.1945 0.0000e+00     4.0000
     57.000    20.5140   4.778491    34.4486    24.2078 0.0000e+00     5.0000
     58.000    20.4530   4.773303    34.4558    24.2297 0.0000e+00     6.0000
     59.000    20.4452   4.772515    34.4555    24.2315 0.0000e+00     5.0000
     60.000    20.4065   4.769083    34.4588    24.2444 0.0000e+00     5.0000
     61.000    20.4041   4.769129    34.4608    24.2466 0.0000e+00     5.0000
     62.000    20.3985   4.768667    34.4612    24.2485 0.0000e+00     4.0000
     63.000    20.3996   4.768858    34.4616    24.2485 0.0000e+00     4.0000
     64.000    20.3924   4.767892    34.4592    24.2487 0.0000e+00     4.0000
     65.000    20.3663   4.765856    34.4636    24.2590 0.0000e+00     4.0000
     66.000    20.3661   4.766031    34.4649    24.2601 0.0000e+00     4.0000
     67.000    20.3661   4.766175    34.4657    24.2607 0.0000e+00     4.0000
     68.000    20.3710   4.766717    34.4657    24.2595 0.0000e+00     5.0000
     69.000    20.3687   4.766529    34.4657    24.2602 0.0000e+00     4.0000
     70.000    20.3687   4.766734    34.4671    24.2612 0.0000e+00     4.0000
     71.000    20.3832   4.768231    34.4670    24.2574 0.0000e+00     4.0000
     72.000    20.3869   4.768291    34.4642    24.2543 0.0000e+00     4.0000
     73.000    20.2647   4.755783    34.4619    24.2851 0.0000e+00     6.0000
     74.000    20.2295   4.753679    34.4732    24.3030 0.0000e+00     5.0000
     75.000    20.2192   4.752771    34.4739    24.3063 0.0000e+00     5.0000
     76.000    20.2120   4.752224    34.4749    24.3091 0.0000e+00     5.0000
     77.000    20.2103   4.751973    34.4739    24.3088 0.0000e+00     5.0000
     78.000    20.1985   4.751055    34.4757    24.3134 0.0000e+00     4.0000
     79.000    20.2136   4.753102    34.4797    24.3124 0.0000e+00     3.0000
     80.000    20.2343   4.754566    34.4744    24.3029 0.0000e+00     4.0000
     81.000    20.2197   4.753007    34.4733    24.3060 0.0000e+00     3.0000
     82.000    20.2135   4.752572    34.4744    24.3086 0.0000e+00     3.0000
     83.000    20.2108   4.752510    34.4758    24.3104 0.0000e+00     4.0000
     84.000    20.2101   4.752586    34.4766    24.3113 0.0000e+00     5.0000
     85.000    20.2157   4.753075    34.4757    24.3091 0.0000e+00     5.0000
     86.000    20.2198   4.753496    34.4754    24.3079 0.0000e+00     6.0000
     87.000    20.2136   4.752978    34.4759    24.3099 0.0000e+00     6.0000
     88.000    20.2153   4.753257    34.4764    24.3099 0.0000e+00     5.0000
     89.000    20.2184   4.753564    34.4761    24.3089 0.0000e+00     4.0000
     90.000    20.2194   4.753688    34.4759    24.3085 0.0000e+00     4.0000
     91.000    20.2196   4.753759    34.4760    24.3086 0.0000e+00     4.0000
     92.000    20.2129   4.752988    34.4748    24.3095 0.0000e+00     4.0000
     93.000    20.1953   4.751250    34.4747    24.3141 0.0000e+00     3.0000
     94.000    20.2009   4.752490    34.4799    24.3167 0.0000e+00     4.0000
     95.000    20.1979   4.751265    34.4720    24.3115 0.0000e+00     3.0000
     96.000    20.1796   4.750227    34.4781    24.3211 0.0000e+00     4.0000
     97.000    20.1931   4.751616    34.4781    24.3175 0.0000e+00     4.0000
     98.000    20.1925   4.751530    34.4775    24.3173 0.0000e+00     5.0000
     99.000    20.1791   4.750137    34.4768    24.3203 0.0000e+00     7.0000
    100.000    20.1785   4.750304    34.4783    24.3217 0.0000e+00     5.0000
    101.000    20.1701   4.749295    34.4766    24.3226 0.0000e+00     5.0000
    102.000    20.1637   4.748971    34.4788    24.3261 0.0000e+00     4.0000
    103.000    20.1541   4.748169    34.4798    24.3294 0.0000e+00     4.0000
    104.000    20.1661   4.749929    34.4840    24.3295 0.0000e+00     4.0000
    105.000    20.1953   4.752255    34.4787    24.3178 0.0000e+00     3.0000
    106.000    20.2007   4.752662    34.4772    24.3153 0.0000e+00     4.0000
    107.000    20.1821   4.750333    34.4731    24.3171 0.0000e+00     4.0000
    108.000    20.1538   4.748588    34.4817    24.3312 0.0000e+00     4.0000
    109.000    20.1638   4.749375    34.4796    24.3270 0.0000e+00     5.0000
    110.000    20.1631   4.749048    34.4771    24.3253 0.0000e+00     4.0000
    111.000    20.1377   4.747127    34.4819    24.3357 0.0000e+00     4.0000
    112.000    20.1516   4.748348    34.4801    24.3308 0.0000e+00     5.0000
    113.000    20.1413   4.747462    34.4810    24.3342 0.0000e+00     6.0000
    114.000    20.1432   4.747670    34.4808    24.3336 0.0000e+00     5.0000
    115.000    20.1449   4.747768    34.4798    24.3324 0.0000e+00     4.0000
    116.000    20.1148   4.744885    34.4806    24.3410 0.0000e+00     7.0000
