CTD/CNV/C16.CNV
* Sea-Bird SBE 9 Raw Data File:
* FileName = D:\SS4249\CR1267\C16.DAT
* Software Version 4.249
* Temperature SN = 1572
* Conductivity SN = 1344
* Number of Bytes Per Scan = 38
* Number of Voltage Words = 5
* Number of Scans Averaged by the Deck Unit = 4
* NMEA Latitude = 21 54.31 N
* NMEA Longitude = 120 46.34 E
* NMEA UTC (Time) = Dec 26 2007  00:20:13
** Ship:      OR3
** Cruise:    1267
** Station:   C16
** Latitude:  21-54.300
** Longitude: 120-46.395
** 117M
# nquan = 7
# nvalues = 113                         
# units = metric
# name 0 = pr: pressure [db]
# name 1 = t090: temperature, ITS-90 [deg C]
# name 2 = c0S/m: conductivity [S/m]
# name 3 = sal00: salinity, PSS-78 [PSU]
# name 4 = sigma-é00: density, sigma-theta [kg/m^3]
# name 5 = flag:  0.000e+00
# name 6 = nbin: number of scans per bin
# span 0 = 1.000, 113.000                         
# span 1 = 19.7990, 25.1684                       
# span 2 = 4.715985, 5.214780                     
# span 3 = 34.1861, 34.5043                       
# span 4 = 22.6760, 24.4417                       
# span 5 = 0.0000e+00, 0.0000e+00                 
# span 6 = 1.0000, 12.0000                        
# interval = decibars: 1                                
# start_time = Dec 26 2007 00:20:13
# bad_flag = -9.990e-29
*END*
      1.000    25.1659   5.214242    34.1861    22.6760 0.0000e+00     1.0000
      2.000    25.1677   5.214585    34.1870    22.6761 0.0000e+00     8.0000
      3.000    25.1683   5.214699    34.1871    22.6761 0.0000e+00     9.0000
      4.000    25.1684   5.214780    34.1873    22.6763 0.0000e+00     5.0000
      5.000    25.1674   5.214639    34.1867    22.6762 0.0000e+00     5.0000
      6.000    25.1522   5.213215    34.1873    22.6814 0.0000e+00     8.0000
      7.000    25.1161   5.209779    34.1890    22.6937 0.0000e+00     8.0000
      8.000    25.0323   5.201738    34.1926    22.7219 0.0000e+00     6.0000
      9.000    25.0255   5.201270    34.1940    22.7251 0.0000e+00     6.0000
     10.000    25.0130   5.199892    34.1930    22.7282 0.0000e+00     5.0000
     11.000    24.9479   5.193203    34.1925    22.7476 0.0000e+00     5.0000
     12.000    24.9015   5.188728    34.1942    22.7629 0.0000e+00     6.0000
     13.000    24.5980   5.159171    34.2048    22.8624 0.0000e+00     7.0000
     14.000    24.4720   5.149076    34.2252    22.9156 0.0000e+00     9.0000
     15.000    24.4785   5.149440    34.2227    22.9118 0.0000e+00     6.0000
     16.000    24.4293   5.144784    34.2251    22.9284 0.0000e+00     5.0000
     17.000    24.3766   5.138240    34.2161    22.9374 0.0000e+00     4.0000
     18.000    24.1139   5.114307    34.2373    23.0315 0.0000e+00     4.0000
     19.000    23.9844   5.103337    34.2539    23.0824 0.0000e+00     5.0000
     20.000    23.9392   5.098126    34.2490    23.0921 0.0000e+00     4.0000
     21.000    23.7799   5.084740    34.2702    23.1551 0.0000e+00     8.0000
     22.000    23.7286   5.081446    34.2846    23.1810 0.0000e+00     7.0000
     23.000    23.7454   5.082266    34.2775    23.1708 0.0000e+00     6.0000
     24.000    23.5858   5.065894    34.2763    23.2166 0.0000e+00     6.0000
     25.000    23.5074   5.060851    34.2983    23.2562 0.0000e+00     5.0000
     26.000    23.5032   5.060054    34.2952    23.2551 0.0000e+00     4.0000
     27.000    23.4606   5.056310    34.2994    23.2708 0.0000e+00     5.0000
     28.000    23.4365   5.054548    34.3044    23.2816 0.0000e+00     5.0000
     29.000    23.3997   5.050404    34.3010    23.2898 0.0000e+00     5.0000
     30.000    23.3789   5.049326    34.3086    23.3017 0.0000e+00     6.0000
     31.000    23.3551   5.046887    34.3081    23.3083 0.0000e+00     6.0000
     32.000    23.2793   5.039138    34.3075    23.3299 0.0000e+00     5.0000
     33.000    23.2450   5.036922    34.3170    23.3470 0.0000e+00     6.0000
     34.000    23.2324   5.035849    34.3182    23.3516 0.0000e+00     6.0000
     35.000    23.2191   5.034536    34.3182    23.3555 0.0000e+00     5.0000
     36.000    23.1910   5.032216    34.3220    23.3666 0.0000e+00     6.0000
     37.000    23.1840   5.031670    34.3230    23.3694 0.0000e+00     6.0000
     38.000    23.1854   5.031780    34.3224    23.3686 0.0000e+00     5.0000
     39.000    23.1770   5.031549    34.3268    23.3745 0.0000e+00     4.0000
     40.000    23.1715   5.030613    34.3236    23.3737 0.0000e+00     4.0000
     41.000    23.1945   5.033205    34.3252    23.3683 0.0000e+00     5.0000
     42.000    23.1132   5.024593    34.3223    23.3896 0.0000e+00     6.0000
     43.000    23.0124   5.014415    34.3225    23.4188 0.0000e+00     6.0000
     44.000    22.9072   5.006064    34.3401    23.4624 0.0000e+00     6.0000
     45.000    22.8773   5.003241    34.3415    23.4720 0.0000e+00     8.0000
     46.000    22.8450   5.000370    34.3443    23.4835 0.0000e+00     6.0000
     47.000    22.8297   4.998624    34.3425    23.4865 0.0000e+00     5.0000
     48.000    22.8169   4.997783    34.3457    23.4927 0.0000e+00     4.0000
     49.000    22.8166   4.997880    34.3464    23.4933 0.0000e+00     5.0000
     50.000    22.8100   4.997040    34.3447    23.4940 0.0000e+00     4.0000
     51.000    22.7755   4.992381    34.3355    23.4969 0.0000e+00     5.0000
     52.000    22.5417   4.971131    34.3543    23.5778 0.0000e+00     5.0000
     53.000    22.4904   4.968244    34.3720    23.6058 0.0000e+00     5.0000
     54.000    22.4308   4.962219    34.3718    23.6225 0.0000e+00     6.0000
     55.000    22.3959   4.959256    34.3760    23.6356 0.0000e+00    10.0000
     56.000    22.3075   4.950711    34.3789    23.6628 0.0000e+00     7.0000
     57.000    22.1825   4.937803    34.3767    23.6963 0.0000e+00     4.0000
     58.000    22.1212   4.933086    34.3880    23.7222 0.0000e+00     4.0000
     59.000    22.0381   4.924703    34.3879    23.7454 0.0000e+00     4.0000
     60.000    21.8762   4.906238    34.3712    23.7779 0.0000e+00     4.0000
     61.000    21.6437   4.887060    34.4049    23.8680 0.0000e+00     5.0000
     62.000    21.5781   4.882193    34.4185    23.8965 0.0000e+00     5.0000
     63.000    21.5706   4.881676    34.4201    23.8998 0.0000e+00     6.0000
     64.000    21.5646   4.881270    34.4213    23.9025 0.0000e+00     8.0000
     65.000    21.5512   4.879831    34.4203    23.9055 0.0000e+00     7.0000
     66.000    21.4840   4.872957    34.4193    23.9232 0.0000e+00     7.0000
     67.000    21.3871   4.864572    34.4301    23.9581 0.0000e+00     6.0000
     68.000    21.4107   4.867234    34.4320    23.9531 0.0000e+00     5.0000
     69.000    21.3947   4.865298    34.4291    23.9553 0.0000e+00     4.0000
     70.000    21.3809   4.863776    34.4277    23.9581 0.0000e+00     4.0000
     71.000    21.3398   4.859746    34.4283    23.9699 0.0000e+00     3.0000
     72.000    21.2919   4.854625    34.4257    23.9811 0.0000e+00     4.0000
     73.000    21.2419   4.851326    34.4393    24.0051 0.0000e+00     5.0000
     74.000    21.2189   4.848986    34.4388    24.0110 0.0000e+00     8.0000
     75.000    21.1636   4.843451    34.4388    24.0262 0.0000e+00    12.0000
     76.000    21.0185   4.829658    34.4451    24.0705 0.0000e+00     8.0000
     77.000    20.9599   4.823298    34.4411    24.0833 0.0000e+00     4.0000
     78.000    20.8920   4.817791    34.4515    24.1096 0.0000e+00     4.0000
     79.000    20.8794   4.816691    34.4525    24.1138 0.0000e+00     3.0000
     80.000    20.8769   4.816519    34.4528    24.1148 0.0000e+00     4.0000
     81.000    20.8448   4.813013    34.4503    24.1216 0.0000e+00     4.0000
     82.000    20.8151   4.810721    34.4555    24.1336 0.0000e+00     5.0000
     83.000    20.8098   4.810374    34.4567    24.1360 0.0000e+00     5.0000
     84.000    20.8047   4.809873    34.4564    24.1372 0.0000e+00     8.0000
     85.000    20.7687   4.806240    34.4560    24.1467 0.0000e+00    12.0000
     86.000    20.7092   4.800589    34.4584    24.1645 0.0000e+00     5.0000
     87.000    20.7005   4.799869    34.4593    24.1676 0.0000e+00     5.0000
     88.000    20.6862   4.798301    34.4579    24.1704 0.0000e+00     5.0000
     89.000    20.6533   4.795095    34.4584    24.1797 0.0000e+00     4.0000
     90.000    20.6292   4.793041    34.4611    24.1882 0.0000e+00     6.0000
     91.000    20.5906   4.789014    34.4596    24.1974 0.0000e+00     5.0000
     92.000    20.5320   4.783943    34.4658    24.2179 0.0000e+00     4.0000
     93.000    20.5080   4.781374    34.4642    24.2232 0.0000e+00     5.0000
     94.000    20.4473   4.775421    34.4651    24.2400 0.0000e+00     7.0000
     95.000    20.3849   4.769614    34.4685    24.2593 0.0000e+00     6.0000
     96.000    20.3223   4.763710    34.4713    24.2781 0.0000e+00     8.0000
     97.000    20.2844   4.760188    34.4732    24.2897 0.0000e+00     7.0000
     98.000    20.2637   4.758175    34.4734    24.2953 0.0000e+00     5.0000
     99.000    20.2322   4.755204    34.4746    24.3046 0.0000e+00     5.0000
    100.000    20.1698   4.748698    34.4723    24.3194 0.0000e+00     5.0000
    101.000    20.1118   4.743653    34.4783    24.3393 0.0000e+00     6.0000
    102.000    20.0745   4.740286    34.4810    24.3512 0.0000e+00     5.0000
    103.000    20.0418   4.737147    34.4818    24.3605 0.0000e+00     6.0000
    104.000    20.0327   4.736599    34.4844    24.3649 0.0000e+00     5.0000
    105.000    20.0166   4.734814    34.4827    24.3679 0.0000e+00     6.0000
    106.000    19.9944   4.732918    34.4850    24.3755 0.0000e+00     6.0000
    107.000    20.0042   4.733974    34.4853    24.3732 0.0000e+00     8.0000
    108.000    19.9889   4.732674    34.4868    24.3785 0.0000e+00     6.0000
    109.000    19.9891   4.732615    34.4858    24.3777 0.0000e+00     6.0000
    110.000    19.9904   4.733198    34.4892    24.3800 0.0000e+00     4.0000
    111.000    20.0116   4.734958    34.4858    24.3719 0.0000e+00     4.0000
    112.000    19.9610   4.728550    34.4746    24.3766 0.0000e+00     7.0000
    113.000    19.7990   4.715985    34.5043    24.4417 0.0000e+00     3.0000
