CTD/CNV/C17.CNV
* Sea-Bird SBE 9 Raw Data File:
* FileName = D:\SS4249\CR1267\C17.DAT
* Software Version 4.249
* Temperature SN = 1572
* Conductivity SN = 1344
* Number of Bytes Per Scan = 38
* Number of Voltage Words = 5
* Number of Scans Averaged by the Deck Unit = 4
* NMEA Latitude = 21 54.30 N
* NMEA Longitude = 120 46.34 E
* NMEA UTC (Time) = Dec 26 2007  01:23:04
** Ship:      OR3
** Cruise:    1267
** Station:   C17
** Latitude:  21-54.302
** Longitude: 120-46.407
** 117M
# nquan = 7
# nvalues = 112                         
# units = metric
# name 0 = pr: pressure [db]
# name 1 = t090: temperature, ITS-90 [deg C]
# name 2 = c0S/m: conductivity [S/m]
# name 3 = sal00: salinity, PSS-78 [PSU]
# name 4 = sigma-é00: density, sigma-theta [kg/m^3]
# name 5 = flag:  0.000e+00
# name 6 = nbin: number of scans per bin
# span 0 = 2.000, 113.000                         
# span 1 = 20.2900, 25.5064                       
# span 2 = 4.761472, 5.245516                     
# span 3 = 34.1592, 34.4753                       
# span 4 = 22.5517, 24.2905                       
# span 5 = 0.0000e+00, 0.0000e+00                 
# span 6 = 2.0000, 13.0000                        
# interval = decibars: 1                                
# start_time = Dec 26 2007 01:23:04
# bad_flag = -9.990e-29
*END*
      2.000    25.5064   5.245516    34.1592    22.5517 0.0000e+00     5.0000
      3.000    25.4996   5.244958    34.1599    22.5544 0.0000e+00     8.0000
      4.000    25.4992   5.244975    34.1601    22.5547 0.0000e+00    11.0000
      5.000    25.4988   5.244982    34.1601    22.5549 0.0000e+00    10.0000
      6.000    25.4774   5.243062    34.1618    22.5628 0.0000e+00     7.0000
      7.000    25.4691   5.242409    34.1629    22.5663 0.0000e+00     6.0000
      8.000    25.4691   5.242433    34.1628    22.5662 0.0000e+00     5.0000
      9.000    25.4654   5.242252    34.1640    22.5683 0.0000e+00     5.0000
     10.000    25.4731   5.242955    34.1630    22.5653 0.0000e+00     5.0000
     11.000    25.4687   5.242541    34.1630    22.5667 0.0000e+00     7.0000
     12.000    25.4486   5.240610    34.1636    22.5734 0.0000e+00     6.0000
     13.000    25.4283   5.238971    34.1665    22.5819 0.0000e+00     6.0000
     14.000    25.4036   5.236638    34.1677    22.5904 0.0000e+00     5.0000
     15.000    25.3990   5.236450    34.1695    22.5932 0.0000e+00     5.0000
     16.000    25.3921   5.235813    34.1697    22.5955 0.0000e+00     4.0000
     17.000    25.3926   5.235886    34.1695    22.5953 0.0000e+00     5.0000
     18.000    25.3490   5.231519    34.1700    22.6091 0.0000e+00     7.0000
     19.000    25.3272   5.229671    34.1725    22.6177 0.0000e+00     6.0000
     20.000    25.3191   5.228952    34.1730    22.6206 0.0000e+00     5.0000
     21.000    25.3000   5.227090    34.1734    22.6268 0.0000e+00     7.0000
     22.000    25.2748   5.224781    34.1751    22.6359 0.0000e+00     5.0000
     23.000    25.2477   5.222267    34.1767    22.6454 0.0000e+00     6.0000
     24.000    25.2295   5.220605    34.1779    22.6519 0.0000e+00     5.0000
     25.000    25.2071   5.218404    34.1783    22.6591 0.0000e+00     5.0000
     26.000    25.1844   5.216483    34.1809    22.6681 0.0000e+00     4.0000
     27.000    25.1723   5.215329    34.1812    22.6721 0.0000e+00     5.0000
     28.000    25.1694   5.215317    34.1830    22.6744 0.0000e+00     5.0000
     29.000    25.1663   5.214888    34.1819    22.6745 0.0000e+00     5.0000
     30.000    25.1462   5.213055    34.1833    22.6817 0.0000e+00     8.0000
     31.000    25.1230   5.210784    34.1837    22.6892 0.0000e+00     8.0000
     32.000    25.0998   5.208552    34.1845    22.6969 0.0000e+00     6.0000
     33.000    25.0716   5.205789    34.1851    22.7059 0.0000e+00     5.0000
     34.000    24.9961   5.198176    34.1856    22.7293 0.0000e+00     5.0000
     35.000    24.9200   5.191357    34.1925    22.7576 0.0000e+00     4.0000
     36.000    24.8929   5.189020    34.1954    22.7680 0.0000e+00     5.0000
     37.000    24.8578   5.185397    34.1948    22.7783 0.0000e+00     5.0000
     38.000    24.8155   5.181964    34.2011    22.7958 0.0000e+00     4.0000
     39.000    24.8035   5.181113    34.2036    22.8014 0.0000e+00     5.0000
     40.000    24.8008   5.180992    34.2044    22.8029 0.0000e+00     6.0000
     41.000    24.7900   5.179729    34.2030    22.8051 0.0000e+00     8.0000
     42.000    24.7787   5.178461    34.2018    22.8077 0.0000e+00     8.0000
     43.000    24.7288   5.174457    34.2097    22.8287 0.0000e+00     5.0000
     44.000    24.6860   5.169917    34.2081    22.8405 0.0000e+00     5.0000
     45.000    24.6021   5.162319    34.2151    22.8710 0.0000e+00     6.0000
     46.000    24.5770   5.159916    34.2160    22.8793 0.0000e+00     5.0000
     47.000    24.5065   5.152843    34.2166    22.9009 0.0000e+00     4.0000
     48.000    24.4352   5.145813    34.2182    22.9235 0.0000e+00     5.0000
     49.000    24.3199   5.135189    34.2265    22.9641 0.0000e+00     5.0000
     50.000    24.2752   5.131274    34.2310    22.9809 0.0000e+00     5.0000
     51.000    24.2365   5.127599    34.2328    22.9938 0.0000e+00     5.0000
     52.000    24.2296   5.127318    34.2356    22.9981 0.0000e+00     8.0000
     53.000    24.2262   5.126919    34.2349    22.9986 0.0000e+00     7.0000
     54.000    24.2070   5.125230    34.2366    23.0057 0.0000e+00     7.0000
     55.000    24.1939   5.124031    34.2373    23.0101 0.0000e+00     6.0000
     56.000    24.1583   5.120431    34.2373    23.0207 0.0000e+00     4.0000
     57.000    24.0600   5.108978    34.2262    23.0415 0.0000e+00     4.0000
     58.000    23.7776   5.083489    34.2507    23.1432 0.0000e+00     6.0000
     59.000    23.5434   5.061663    34.2657    23.2231 0.0000e+00     5.0000
     60.000    23.2575   5.033881    34.2752    23.3133 0.0000e+00     5.0000
     61.000    23.1118   5.022256    34.2992    23.3736 0.0000e+00     5.0000
     62.000    23.0139   5.013330    34.3068    23.4075 0.0000e+00     6.0000
     63.000    22.9492   5.007682    34.3135    23.4313 0.0000e+00     6.0000
     64.000    22.9307   5.006425    34.3180    23.4400 0.0000e+00     7.0000
     65.000    22.9095   5.004631    34.3204    23.4480 0.0000e+00     8.0000
     66.000    22.8412   4.997812    34.3210    23.4680 0.0000e+00     6.0000
     67.000    22.7533   4.989758    34.3274    23.4980 0.0000e+00     4.0000
     68.000    22.6535   4.981573    34.3421    23.5376 0.0000e+00     5.0000
     69.000    22.5944   4.975856    34.3439    23.5559 0.0000e+00     6.0000
     70.000    22.5489   4.972093    34.3502    23.5736 0.0000e+00     4.0000
     71.000    22.5115   4.968672    34.3527    23.5862 0.0000e+00     5.0000
     72.000    22.4824   4.966110    34.3554    23.5965 0.0000e+00     5.0000
     73.000    22.4531   4.963159    34.3552    23.6047 0.0000e+00     7.0000
     74.000    22.4093   4.958811    34.3556    23.6175 0.0000e+00     6.0000
     75.000    22.3330   4.951368    34.3575    23.6405 0.0000e+00     6.0000
     76.000    22.2771   4.946000    34.3595    23.6578 0.0000e+00     8.0000
     77.000    22.2286   4.941399    34.3616    23.6731 0.0000e+00     6.0000
     78.000    22.1511   4.933963    34.3645    23.6971 0.0000e+00     5.0000
     79.000    22.0751   4.927721    34.3755    23.7268 0.0000e+00     7.0000
     80.000    22.0452   4.925330    34.3802    23.7387 0.0000e+00     5.0000
     81.000    22.0217   4.923200    34.3818    23.7465 0.0000e+00     5.0000
     82.000    22.0108   4.922316    34.3832    23.7507 0.0000e+00     4.0000
     83.000    21.9956   4.920961    34.3843    23.7558 0.0000e+00     4.0000
     84.000    21.9815   4.919796    34.3860    23.7611 0.0000e+00     5.0000
     85.000    21.9733   4.919143    34.3870    23.7643 0.0000e+00     5.0000
     86.000    21.9484   4.917094    34.3904    23.7738 0.0000e+00    13.0000
     87.000    21.9363   4.916090    34.3918    23.7783 0.0000e+00     8.0000
     88.000    21.9255   4.915185    34.3929    23.7822 0.0000e+00     5.0000
     89.000    21.9232   4.914933    34.3924    23.7825 0.0000e+00     4.0000
     90.000    21.9182   4.914589    34.3934    23.7847 0.0000e+00     4.0000
     91.000    21.9156   4.914421    34.3938    23.7858 0.0000e+00     4.0000
     92.000    21.9063   4.913543    34.3940    23.7886 0.0000e+00     5.0000
     93.000    21.8915   4.912219    34.3950    23.7935 0.0000e+00     6.0000
     94.000    21.8620   4.909629    34.3977    23.8039 0.0000e+00     6.0000
     95.000    21.8501   4.908799    34.4004    23.8092 0.0000e+00     5.0000
     96.000    21.8238   4.906441    34.4024    23.8181 0.0000e+00     9.0000
     97.000    21.7728   4.901583    34.4044    23.8339 0.0000e+00     8.0000
     98.000    21.6358   4.888715    34.4118    23.8774 0.0000e+00     5.0000
     99.000    21.5709   4.883383    34.4212    23.9025 0.0000e+00     6.0000
    100.000    21.5342   4.880269    34.4256    23.9160 0.0000e+00     7.0000
    101.000    21.5044   4.877151    34.4244    23.9233 0.0000e+00     5.0000
    102.000    21.4323   4.869361    34.4200    23.9399 0.0000e+00     5.0000
    103.000    21.2426   4.851351    34.4287    23.9984 0.0000e+00     6.0000
    104.000    21.1279   4.840679    34.4355    24.0349 0.0000e+00     4.0000
    105.000    21.0191   4.830104    34.4383    24.0666 0.0000e+00     5.0000
    106.000    20.8436   4.812846    34.4413    24.1163 0.0000e+00    10.0000
    107.000    20.6061   4.790170    34.4508    24.1874 0.0000e+00     8.0000
    108.000    20.5481   4.785376    34.4588    24.2091 0.0000e+00     7.0000
    109.000    20.4429   4.774695    34.4576    24.2362 0.0000e+00     6.0000
    110.000    20.4131   4.772206    34.4613    24.2471 0.0000e+00     4.0000
    111.000    20.3970   4.770643    34.4614    24.2515 0.0000e+00     6.0000
    112.000    20.2995   4.761472    34.4661    24.2810 0.0000e+00     6.0000
    113.000    20.2900   4.761690    34.4753    24.2905 0.0000e+00     2.0000
