CTD/CNV/C18.CNV
* Sea-Bird SBE 9 Raw Data File:
* FileName = D:\SS4249\CR1267\C18.DAT
* Software Version 4.249
* Temperature SN = 1572
* Conductivity SN = 1344
* Number of Bytes Per Scan = 38
* Number of Voltage Words = 5
* Number of Scans Averaged by the Deck Unit = 4
* NMEA Latitude = 21 54.29 N
* NMEA Longitude = 120 46.36 E
* NMEA UTC (Time) = Dec 26 2007  02:24:36
** Ship:      OR3
** Cruise:    1267
** Station:   C18
** Latitude:  21-54.286
** Longitude: 120-46.402
** 118M
# nquan = 7
# nvalues = 112                         
# units = metric
# name 0 = pr: pressure [db]
# name 1 = t090: temperature, ITS-90 [deg C]
# name 2 = c0S/m: conductivity [S/m]
# name 3 = sal00: salinity, PSS-78 [PSU]
# name 4 = sigma-é00: density, sigma-theta [kg/m^3]
# name 5 = flag:  0.000e+00
# name 6 = nbin: number of scans per bin
# span 0 = 2.000, 113.000                         
# span 1 = 21.2552, 25.9663                       
# span 2 = 4.852989, 5.286527                     
# span 3 = 34.1045, 34.4295                       
# span 4 = 22.3695, 23.9951                       
# span 5 = 0.0000e+00, 0.0000e+00                 
# span 6 = 3.0000, 13.0000                        
# interval = decibars: 1                                
# start_time = Dec 26 2007 02:24:36
# bad_flag = -9.990e-29
*END*
      2.000    25.9617   5.284710    34.1045    22.3699 0.0000e+00     9.0000
      3.000    25.9625   5.284984    34.1056    22.3705 0.0000e+00     5.0000
      4.000    25.9639   5.285047    34.1047    22.3695 0.0000e+00     8.0000
      5.000    25.9630   5.285239    34.1065    22.3712 0.0000e+00     5.0000
      6.000    25.9626   5.285331    34.1071    22.3719 0.0000e+00     8.0000
      7.000    25.9613   5.285282    34.1074    22.3726 0.0000e+00     7.0000
      8.000    25.9602   5.285231    34.1076    22.3731 0.0000e+00     4.0000
      9.000    25.9599   5.285238    34.1075    22.3732 0.0000e+00     6.0000
     10.000    25.9608   5.285251    34.1067    22.3724 0.0000e+00     9.0000
     11.000    25.9603   5.285340    34.1074    22.3731 0.0000e+00     5.0000
     12.000    25.9606   5.285417    34.1074    22.3731 0.0000e+00     6.0000
     13.000    25.9615   5.285253    34.1052    22.3713 0.0000e+00     8.0000
     14.000    25.9623   5.285929    34.1092    22.3741 0.0000e+00     5.0000
     15.000    25.9638   5.286111    34.1091    22.3736 0.0000e+00     4.0000
     16.000    25.9643   5.286182    34.1090    22.3734 0.0000e+00     6.0000
     17.000    25.9646   5.286217    34.1087    22.3732 0.0000e+00     8.0000
     18.000    25.9650   5.286308    34.1088    22.3732 0.0000e+00     6.0000
     19.000    25.9663   5.286458    34.1086    22.3727 0.0000e+00     8.0000
     20.000    25.9659   5.286455    34.1086    22.3729 0.0000e+00     6.0000
     21.000    25.9645   5.286406    34.1089    22.3737 0.0000e+00     4.0000
     22.000    25.9652   5.286527    34.1090    22.3736 0.0000e+00     4.0000
     23.000    25.9605   5.286085    34.1090    22.3751 0.0000e+00     7.0000
     24.000    25.9130   5.281673    34.1120    22.3922 0.0000e+00     7.0000
     25.000    25.8985   5.280586    34.1146    22.3987 0.0000e+00     6.0000
     26.000    25.8310   5.274818    34.1228    22.4258 0.0000e+00     5.0000
     27.000    25.7818   5.270370    34.1268    22.4441 0.0000e+00     7.0000
     28.000    25.6957   5.263219    34.1388    22.4798 0.0000e+00     8.0000
     29.000    25.6437   5.258988    34.1465    22.5017 0.0000e+00     6.0000
     30.000    25.6263   5.257634    34.1493    22.5093 0.0000e+00     5.0000
     31.000    25.6097   5.256019    34.1497    22.5147 0.0000e+00     5.0000
     32.000    25.5826   5.253385    34.1504    22.5237 0.0000e+00     4.0000
     33.000    25.5174   5.247563    34.1564    22.5483 0.0000e+00     6.0000
     34.000    25.4788   5.244743    34.1644    22.5662 0.0000e+00     8.0000
     35.000    25.4495   5.242338    34.1685    22.5784 0.0000e+00     9.0000
     36.000    25.4281   5.240239    34.1689    22.5853 0.0000e+00     6.0000
     37.000    25.2621   5.225210    34.1832    22.6468 0.0000e+00     5.0000
     38.000    25.0362   5.205474    34.2080    22.7343 0.0000e+00     5.0000
     39.000    24.9371   5.197879    34.2265    22.7784 0.0000e+00     5.0000
     40.000    24.8213   5.186180    34.2274    22.8141 0.0000e+00     5.0000
     41.000    24.6416   5.168882    34.2351    22.8740 0.0000e+00     5.0000
     42.000    24.4440   5.150364    34.2474    22.9425 0.0000e+00     6.0000
     43.000    24.2990   5.136501    34.2542    22.9909 0.0000e+00     8.0000
     44.000    24.2189   5.128992    34.2589    23.0184 0.0000e+00     9.0000
     45.000    24.1731   5.124662    34.2612    23.0337 0.0000e+00     9.0000
     46.000    24.1555   5.122842    34.2607    23.0386 0.0000e+00     4.0000
     47.000    24.1234   5.119570    34.2604    23.0480 0.0000e+00     4.0000
     48.000    24.0947   5.116554    34.2594    23.0558 0.0000e+00     3.0000
     49.000    24.0650   5.114016    34.2628    23.0672 0.0000e+00     4.0000
     50.000    24.0306   5.110590    34.2631    23.0777 0.0000e+00     4.0000
     51.000    24.0200   5.110142    34.2676    23.0842 0.0000e+00     6.0000
     52.000    24.0098   5.109047    34.2669    23.0868 0.0000e+00     9.0000
     53.000    23.9813   5.106494    34.2692    23.0970 0.0000e+00    10.0000
     54.000    23.9472   5.103039    34.2691    23.1070 0.0000e+00     7.0000
     55.000    23.9320   5.101670    34.2701    23.1124 0.0000e+00     5.0000
     56.000    23.8856   5.096407    34.2658    23.1228 0.0000e+00     4.0000
     57.000    23.8219   5.090112    34.2670    23.1425 0.0000e+00     5.0000
     58.000    23.6472   5.071194    34.2581    23.1870 0.0000e+00     5.0000
     59.000    23.3728   5.045081    34.2716    23.2771 0.0000e+00     4.0000
     60.000    23.0975   5.018665    34.2832    23.3655 0.0000e+00     4.0000
     61.000    22.6561   4.978906    34.3217    23.5210 0.0000e+00     7.0000
     62.000    22.4478   4.961120    34.3472    23.5995 0.0000e+00    10.0000
     63.000    22.3544   4.952229    34.3513    23.6291 0.0000e+00     7.0000
     64.000    22.2729   4.944602    34.3559    23.6556 0.0000e+00     6.0000
     65.000    22.1957   4.937051    34.3577    23.6786 0.0000e+00     4.0000
     66.000    22.1314   4.932092    34.3695    23.7057 0.0000e+00     4.0000
     67.000    22.1284   4.932657    34.3759    23.7115 0.0000e+00     7.0000
     68.000    22.1309   4.932908    34.3756    23.7106 0.0000e+00     6.0000
     69.000    22.1311   4.933216    34.3775    23.7120 0.0000e+00     6.0000
     70.000    22.1369   4.933766    34.3769    23.7100 0.0000e+00     5.0000
     71.000    22.1345   4.933841    34.3790    23.7123 0.0000e+00     6.0000
     72.000    22.1391   4.934388    34.3793    23.7113 0.0000e+00     5.0000
     73.000    22.1402   4.934595    34.3797    23.7114 0.0000e+00     6.0000
     74.000    22.1361   4.934440    34.3814    23.7139 0.0000e+00     8.0000
     75.000    22.1342   4.934392    34.3822    23.7151 0.0000e+00     6.0000
     76.000    22.1298   4.933994    34.3823    23.7164 0.0000e+00     6.0000
     77.000    22.1237   4.933742    34.3848    23.7201 0.0000e+00     5.0000
     78.000    22.1260   4.933945    34.3842    23.7191 0.0000e+00     5.0000
     79.000    22.1250   4.933940    34.3847    23.7197 0.0000e+00     6.0000
     80.000    22.1250   4.934092    34.3855    23.7204 0.0000e+00     6.0000
     81.000    22.1254   4.934239    34.3860    23.7208 0.0000e+00     5.0000
     82.000    22.1253   4.934256    34.3859    23.7207 0.0000e+00     7.0000
     83.000    22.1253   4.934266    34.3856    23.7206 0.0000e+00     7.0000
     84.000    22.1199   4.933818    34.3861    23.7225 0.0000e+00     5.0000
     85.000    22.0993   4.931834    34.3865    23.7287 0.0000e+00     4.0000
     86.000    22.0697   4.929290    34.3898    23.7395 0.0000e+00     7.0000
     87.000    21.9907   4.921653    34.3922    23.7635 0.0000e+00     9.0000
     88.000    21.9412   4.917159    34.3960    23.7801 0.0000e+00     6.0000
     89.000    21.9235   4.915017    34.3929    23.7828 0.0000e+00     5.0000
     90.000    21.8956   4.912286    34.3933    23.7909 0.0000e+00     5.0000
     91.000    21.8897   4.911458    34.3911    23.7910 0.0000e+00     5.0000
     92.000    21.7502   4.896652    34.3852    23.8253 0.0000e+00     5.0000
     93.000    21.6250   4.885955    34.4003    23.8714 0.0000e+00     5.0000
     94.000    21.4968   4.873533    34.4041    23.9097 0.0000e+00     5.0000
     95.000    21.3703   4.862572    34.4182    23.9551 0.0000e+00     6.0000
     96.000    21.2978   4.856158    34.4250    23.9802 0.0000e+00    11.0000
     97.000    21.2999   4.856539    34.4260    23.9804 0.0000e+00     9.0000
     98.000    21.2876   4.855444    34.4268    23.9844 0.0000e+00     5.0000
     99.000    21.2951   4.856130    34.4259    23.9818 0.0000e+00     5.0000
    100.000    21.2850   4.855269    34.4268    23.9853 0.0000e+00     4.0000
    101.000    21.2829   4.854969    34.4258    23.9851 0.0000e+00     4.0000
    102.000    21.2737   4.854508    34.4292    23.9902 0.0000e+00     4.0000
    103.000    21.2776   4.854867    34.4286    23.9888 0.0000e+00     5.0000
    104.000    21.2801   4.855145    34.4284    23.9880 0.0000e+00     6.0000
    105.000    21.2679   4.854093    34.4295    23.9922 0.0000e+00    13.0000
    106.000    21.2838   4.855723    34.4294    23.9878 0.0000e+00     8.0000
    107.000    21.2948   4.856734    34.4282    23.9840 0.0000e+00     5.0000
    108.000    21.2929   4.856567    34.4281    23.9845 0.0000e+00     4.0000
    109.000    21.2911   4.856609    34.4295    23.9861 0.0000e+00     3.0000
    110.000    21.2994   4.857471    34.4294    23.9838 0.0000e+00     4.0000
    111.000    21.2999   4.857309    34.4274    23.9822 0.0000e+00     6.0000
    112.000    21.2764   4.854902    34.4267    23.9882 0.0000e+00     7.0000
    113.000    21.2552   4.852989    34.4282    23.9951 0.0000e+00     6.0000
