CTD/CNV/C19.CNV
* Sea-Bird SBE 9 Raw Data File:
* FileName = D:\SS4249\CR1267\C19.DAT
* Software Version 4.249
* Temperature SN = 1572
* Conductivity SN = 1344
* Number of Bytes Per Scan = 38
* Number of Voltage Words = 5
* Number of Scans Averaged by the Deck Unit = 4
* NMEA Latitude = 21 54.27 N
* NMEA Longitude = 120 46.32 E
* NMEA UTC (Time) = Dec 26 2007  03:26:50
** Ship:      OR3
** Cruise:    1267
** Station:   C19
** Latitude:  21-54.277
** Longitude: 120-46.374
** 118M
# nquan = 7
# nvalues = 114                         
# units = metric
# name 0 = pr: pressure [db]
# name 1 = t090: temperature, ITS-90 [deg C]
# name 2 = c0S/m: conductivity [S/m]
# name 3 = sal00: salinity, PSS-78 [PSU]
# name 4 = sigma-é00: density, sigma-theta [kg/m^3]
# name 5 = flag:  0.000e+00
# name 6 = nbin: number of scans per bin
# span 0 = 1.000, 114.000                         
# span 1 = 20.0952, 26.1481                       
# span 2 = 4.741973, 5.303199                     
# span 3 = 34.0953, 34.4736                       
# span 4 = 22.3057, 24.3407                       
# span 5 = 0.0000e+00, 0.0000e+00                 
# span 6 = 2.0000, 11.0000                        
# interval = decibars: 1                                
# start_time = Dec 26 2007 03:26:50
# bad_flag = -9.990e-29
*END*
      1.000    26.1410   5.301846    34.0956    22.3074 0.0000e+00     2.0000
      2.000    26.1402   5.301830    34.0958    22.3078 0.0000e+00    11.0000
      3.000    26.1390   5.301783    34.0960    22.3084 0.0000e+00     9.0000
      4.000    26.1395   5.301846    34.0958    22.3082 0.0000e+00     7.0000
      5.000    26.1375   5.301735    34.0962    22.3092 0.0000e+00     5.0000
      6.000    26.1385   5.301903    34.0964    22.3091 0.0000e+00     5.0000
      7.000    26.1441   5.302465    34.0960    22.3071 0.0000e+00     6.0000
      8.000    26.1462   5.302637    34.0953    22.3060 0.0000e+00     4.0000
      9.000    26.1459   5.302727    34.0959    22.3066 0.0000e+00     4.0000
     10.000    26.1481   5.302937    34.0955    22.3057 0.0000e+00     5.0000
     11.000    26.1460   5.302752    34.0954    22.3064 0.0000e+00     8.0000
     12.000    26.1449   5.302685    34.0954    22.3068 0.0000e+00     5.0000
     13.000    26.1433   5.302591    34.0956    22.3075 0.0000e+00     4.0000
     14.000    26.1437   5.302691    34.0958    22.3075 0.0000e+00     6.0000
     15.000    26.1459   5.302930    34.0956    22.3068 0.0000e+00     6.0000
     16.000    26.1461   5.303007    34.0957    22.3069 0.0000e+00     5.0000
     17.000    26.1461   5.303043    34.0956    22.3069 0.0000e+00     4.0000
     18.000    26.1462   5.303104    34.0957    22.3070 0.0000e+00     7.0000
     19.000    26.1462   5.303129    34.0956    22.3070 0.0000e+00     8.0000
     20.000    26.1463   5.303199    34.0957    22.3071 0.0000e+00     4.0000
     21.000    26.1454   5.303114    34.0955    22.3073 0.0000e+00     3.0000
     22.000    26.1293   5.301556    34.0958    22.3126 0.0000e+00     4.0000
     23.000    26.1015   5.299068    34.0982    22.3231 0.0000e+00     5.0000
     24.000    26.0918   5.298471    34.1008    22.3282 0.0000e+00     4.0000
     25.000    26.0884   5.298166    34.1008    22.3293 0.0000e+00     5.0000
     26.000    26.0831   5.297685    34.1009    22.3311 0.0000e+00     6.0000
     27.000    26.0369   5.293526    34.1049    22.3485 0.0000e+00    11.0000
     28.000    26.0081   5.291039    34.1080    22.3599 0.0000e+00     7.0000
     29.000    25.9806   5.288607    34.1105    22.3704 0.0000e+00     4.0000
     30.000    25.9561   5.286553    34.1135    22.3804 0.0000e+00     4.0000
     31.000    25.9247   5.283422    34.1139    22.3905 0.0000e+00     3.0000
     32.000    25.8756   5.279181    34.1194    22.4099 0.0000e+00     3.0000
     33.000    25.8336   5.275904    34.1266    22.4284 0.0000e+00     5.0000
     34.000    25.8021   5.273403    34.1316    22.4420 0.0000e+00     7.0000
     35.000    25.7821   5.271534    34.1326    22.4490 0.0000e+00     5.0000
     36.000    25.7369   5.267570    34.1372    22.4665 0.0000e+00     6.0000
     37.000    25.6901   5.263736    34.1440    22.4861 0.0000e+00     6.0000
     38.000    25.6684   5.262060    34.1477    22.4956 0.0000e+00     6.0000
     39.000    25.6576   5.261071    34.1482    22.4994 0.0000e+00     5.0000
     40.000    25.6420   5.259901    34.1511    22.5064 0.0000e+00     7.0000
     41.000    25.6042   5.256093    34.1513    22.5183 0.0000e+00     6.0000
     42.000    25.5055   5.248117    34.1666    22.5603 0.0000e+00     4.0000
     43.000    25.4979   5.247957    34.1709    22.5658 0.0000e+00     4.0000
     44.000    25.4719   5.245322    34.1708    22.5738 0.0000e+00     3.0000
     45.000    25.4024   5.238892    34.1756    22.5988 0.0000e+00     5.0000
     46.000    25.3465   5.233930    34.1809    22.6200 0.0000e+00     5.0000
     47.000    25.1805   5.220374    34.2060    22.6896 0.0000e+00     6.0000
     48.000    25.1068   5.214158    34.2156    22.7193 0.0000e+00    10.0000
     49.000    24.8616   5.188589    34.2118    22.7908 0.0000e+00     6.0000
     50.000    24.5648   5.161924    34.2390    22.9006 0.0000e+00     4.0000
     51.000    24.5308   5.158164    34.2365    22.9090 0.0000e+00     4.0000
     52.000    24.4884   5.154775    34.2433    22.9268 0.0000e+00     3.0000
     53.000    24.4612   5.151573    34.2398    22.9324 0.0000e+00     5.0000
     54.000    24.4279   5.148680    34.2433    22.9450 0.0000e+00     7.0000
     55.000    24.3810   5.143949    34.2435    22.9592 0.0000e+00     5.0000
     56.000    24.3573   5.141908    34.2460    22.9682 0.0000e+00     4.0000
     57.000    24.3348   5.139960    34.2483    22.9767 0.0000e+00     6.0000
     58.000    24.3041   5.137190    34.2507    22.9877 0.0000e+00     6.0000
     59.000    24.2868   5.135358    34.2499    22.9923 0.0000e+00     5.0000
     60.000    24.2533   5.132652    34.2549    23.0062 0.0000e+00     4.0000
     61.000    24.2425   5.131322    34.2529    23.0079 0.0000e+00     5.0000
     62.000    24.2171   5.129035    34.2549    23.0170 0.0000e+00     6.0000
     63.000    24.2224   5.129770    34.2560    23.0163 0.0000e+00     6.0000
     64.000    24.2186   5.129265    34.2549    23.0166 0.0000e+00     5.0000
     65.000    24.1815   5.125332    34.2534    23.0266 0.0000e+00     6.0000
     66.000    24.0767   5.114448    34.2517    23.0564 0.0000e+00     5.0000
     67.000    24.0041   5.108686    34.2638    23.0870 0.0000e+00     4.0000
     68.000    23.8922   5.095857    34.2527    23.1117 0.0000e+00     5.0000
     69.000    23.5280   5.060406    34.2648    23.2275 0.0000e+00     5.0000
     70.000    23.1336   5.024300    34.2950    23.3647 0.0000e+00     6.0000
     71.000    22.8397   4.996479    34.3103    23.4606 0.0000e+00     5.0000
     72.000    22.6936   4.984185    34.3295    23.5169 0.0000e+00     4.0000
     73.000    22.6246   4.977908    34.3347    23.5406 0.0000e+00     6.0000
     74.000    22.5379   4.969841    34.3400    23.5693 0.0000e+00     6.0000
     75.000    22.4459   4.961592    34.3481    23.6014 0.0000e+00     6.0000
     76.000    22.4261   4.960196    34.3525    23.6105 0.0000e+00     5.0000
     77.000    22.3964   4.956492    34.3468    23.6145 0.0000e+00     6.0000
     78.000    22.1594   4.932996    34.3504    23.6840 0.0000e+00     5.0000
     79.000    21.9512   4.914877    34.3731    23.7595 0.0000e+00     5.0000
     80.000    21.9082   4.911040    34.3768    23.7743 0.0000e+00     4.0000
     81.000    21.8320   4.903593    34.3785    23.7969 0.0000e+00     5.0000
     82.000    21.7211   4.893914    34.3902    23.8366 0.0000e+00     9.0000
     83.000    21.6278   4.885239    34.3958    23.8667 0.0000e+00     5.0000
     84.000    21.6009   4.883203    34.4009    23.8780 0.0000e+00     3.0000
     85.000    21.5993   4.883153    34.4014    23.8789 0.0000e+00     3.0000
     86.000    21.5836   4.881720    34.4023    23.8839 0.0000e+00     6.0000
     87.000    21.5704   4.880920    34.4062    23.8906 0.0000e+00     9.0000
     88.000    21.5715   4.881181    34.4070    23.8910 0.0000e+00     5.0000
     89.000    21.5670   4.880698    34.4064    23.8918 0.0000e+00     5.0000
     90.000    21.5549   4.879853    34.4091    23.8972 0.0000e+00     5.0000
     91.000    21.5448   4.878965    34.4098    23.9006 0.0000e+00     5.0000
     92.000    21.5405   4.878671    34.4106    23.9024 0.0000e+00     4.0000
     93.000    21.5303   4.877744    34.4110    23.9056 0.0000e+00     5.0000
     94.000    21.4927   4.874147    34.4123    23.9170 0.0000e+00     6.0000
     95.000    21.4391   4.869521    34.4182    23.9362 0.0000e+00     7.0000
     96.000    21.4211   4.867829    34.4188    23.9417 0.0000e+00     5.0000
     97.000    21.3773   4.863687    34.4207    23.9552 0.0000e+00     5.0000
     98.000    21.3549   4.861897    34.4241    23.9640 0.0000e+00     5.0000
     99.000    21.3414   4.860708    34.4252    23.9685 0.0000e+00     6.0000
    100.000    21.3261   4.859396    34.4267    23.9739 0.0000e+00     5.0000
    101.000    21.3185   4.858463    34.4250    23.9748 0.0000e+00     5.0000
    102.000    21.2921   4.856052    34.4267    23.9833 0.0000e+00     4.0000
    103.000    21.2455   4.851193    34.4251    23.9949 0.0000e+00     5.0000
    104.000    21.1923   4.846670    34.4315    24.0143 0.0000e+00     7.0000
    105.000    21.1863   4.846118    34.4315    24.0160 0.0000e+00     5.0000
    106.000    21.1524   4.842311    34.4281    24.0227 0.0000e+00     5.0000
    107.000    20.9714   4.823007    34.4192    24.0651 0.0000e+00     5.0000
    108.000    20.6617   4.794112    34.4371    24.1622 0.0000e+00     6.0000
    109.000    20.4786   4.777738    34.4532    24.2234 0.0000e+00     7.0000
    110.000    20.3952   4.770246    34.4600    24.2508 0.0000e+00     5.0000
    111.000    20.3561   4.766783    34.4634    24.2639 0.0000e+00     5.0000
    112.000    20.3253   4.763301    34.4599    24.2694 0.0000e+00     5.0000
    113.000    20.1919   4.750416    34.4637    24.3076 0.0000e+00     5.0000
    114.000    20.0952   4.741973    34.4736    24.3407 0.0000e+00     6.0000
