CTD/CNV/C20.CNV
* Sea-Bird SBE 9 Raw Data File:
* FileName = D:\SS4249\CR1267\C20.DAT
* Software Version 4.249
* Temperature SN = 1572
* Conductivity SN = 1344
* Number of Bytes Per Scan = 38
* Number of Voltage Words = 5
* Number of Scans Averaged by the Deck Unit = 4
* NMEA Latitude = 21 54.30 N
* NMEA Longitude = 120 46.34 E
* NMEA UTC (Time) = Dec 26 2007  04:29:10
** Ship:      OR3
** Cruise:    1267
** Station:   C20
** Latitude:  21-54.237
** Longitude: 120-46.412
** 118M
# nquan = 7
# nvalues = 113                         
# units = metric
# name 0 = pr: pressure [db]
# name 1 = t090: temperature, ITS-90 [deg C]
# name 2 = c0S/m: conductivity [S/m]
# name 3 = sal00: salinity, PSS-78 [PSU]
# name 4 = sigma-é00: density, sigma-theta [kg/m^3]
# name 5 = flag:  0.000e+00
# name 6 = nbin: number of scans per bin
# span 0 = 2.000, 114.000                         
# span 1 = 17.3096, 26.1669                       
# span 2 = 4.466171, 5.304902                     
# span 3 = 33.9490, 34.4843                       
# span 4 = 22.1897, 25.0492                       
# span 5 = 0.0000e+00, 0.0000e+00                 
# span 6 = 2.0000, 10.0000                        
# interval = decibars: 1                                
# start_time = Dec 26 2007 04:29:10
# bad_flag = -9.990e-29
*END*
      2.000    26.1641   5.283969    33.9490    22.1897 0.0000e+00    10.0000
      3.000    26.1154   5.282461    33.9738    22.2237 0.0000e+00     4.0000
      4.000    26.1592   5.300195    34.0693    22.2820 0.0000e+00     3.0000
      5.000    26.1615   5.301650    34.0778    22.2878 0.0000e+00     5.0000
      6.000    26.1615   5.301649    34.0774    22.2876 0.0000e+00     5.0000
      7.000    26.1614   5.301692    34.0775    22.2878 0.0000e+00     5.0000
      8.000    26.1609   5.302361    34.0824    22.2917 0.0000e+00     4.0000
      9.000    26.1630   5.302899    34.0845    22.2927 0.0000e+00     4.0000
     10.000    26.1646   5.302907    34.0830    22.2911 0.0000e+00     5.0000
     11.000    26.1645   5.302054    34.0766    22.2864 0.0000e+00     7.0000
     12.000    26.1651   5.302654    34.0802    22.2890 0.0000e+00     5.0000
     13.000    26.1655   5.303378    34.0849    22.2925 0.0000e+00     5.0000
     14.000    26.1636   5.303496    34.0868    22.2946 0.0000e+00     4.0000
     15.000    26.1649   5.303906    34.0885    22.2955 0.0000e+00     4.0000
     16.000    26.1655   5.304303    34.0906    22.2970 0.0000e+00     4.0000
     17.000    26.1657   5.304484    34.0915    22.2977 0.0000e+00     3.0000
     18.000    26.1658   5.304472    34.0910    22.2974 0.0000e+00     4.0000
     19.000    26.1655   5.303667    34.0851    22.2931 0.0000e+00     7.0000
     20.000    26.1664   5.302149    34.0732    22.2839 0.0000e+00     7.0000
     21.000    26.1669   5.304274    34.0879    22.2949 0.0000e+00     4.0000
     22.000    26.1669   5.304902    34.0921    22.2981 0.0000e+00     4.0000
     23.000    26.1637   5.304596    34.0920    22.2991 0.0000e+00     5.0000
     24.000    26.1432   5.303780    34.1010    22.3123 0.0000e+00     6.0000
     25.000    26.0956   5.299882    34.1079    22.3324 0.0000e+00     5.0000
     26.000    26.0856   5.298354    34.1039    22.3326 0.0000e+00     4.0000
     27.000    26.0759   5.297695    34.1061    22.3373 0.0000e+00     5.0000
     28.000    26.0606   5.296371    34.1075    22.3433 0.0000e+00     4.0000
     29.000    26.0450   5.295232    34.1106    22.3505 0.0000e+00     3.0000
     30.000    26.0135   5.292717    34.1155    22.3640 0.0000e+00     4.0000
     31.000    25.9627   5.289664    34.1309    22.3915 0.0000e+00     4.0000
     32.000    25.8833   5.284521    34.1524    22.4324 0.0000e+00     8.0000
     33.000    25.8657   5.282570    34.1511    22.4369 0.0000e+00     6.0000
     34.000    25.8021   5.276766    34.1561    22.4604 0.0000e+00     5.0000
     35.000    25.7051   5.268055    34.1648    22.4970 0.0000e+00     5.0000
     36.000    25.6490   5.262814    34.1683    22.5170 0.0000e+00     4.0000
     37.000    25.6124   5.259421    34.1707    22.5301 0.0000e+00     4.0000
     38.000    25.5842   5.256586    34.1708    22.5389 0.0000e+00     4.0000
     39.000    25.5552   5.253701    34.1711    22.5482 0.0000e+00     3.0000
     40.000    25.5264   5.251683    34.1777    22.5620 0.0000e+00     5.0000
     41.000    25.5037   5.251019    34.1895    22.5780 0.0000e+00     6.0000
     42.000    25.4744   5.251174    34.2124    22.6043 0.0000e+00     7.0000
     43.000    25.4381   5.248581    34.2204    22.6215 0.0000e+00     6.0000
     44.000    25.4089   5.242845    34.2000    22.6152 0.0000e+00     5.0000
     45.000    25.3792   5.239620    34.1984    22.6231 0.0000e+00     3.0000
     46.000    25.3448   5.236758    34.2030    22.6371 0.0000e+00     4.0000
     47.000    25.3118   5.234283    34.2093    22.6521 0.0000e+00     3.0000
     48.000    25.2202   5.227152    34.2257    22.6924 0.0000e+00     3.0000
     49.000    25.1082   5.218264    34.2445    22.7408 0.0000e+00     4.0000
     50.000    24.9953   5.208101    34.2546    22.7827 0.0000e+00     4.0000
     51.000    24.9493   5.205401    34.2692    22.8077 0.0000e+00     8.0000
     52.000    24.8896   5.192326    34.2174    22.7867 0.0000e+00     9.0000
     53.000    24.8299   5.186853    34.2218    22.8081 0.0000e+00     6.0000
     54.000    24.7947   5.183542    34.2236    22.8202 0.0000e+00     4.0000
     55.000    24.7693   5.181330    34.2262    22.8298 0.0000e+00     3.0000
     56.000    24.7651   5.181106    34.2274    22.8320 0.0000e+00     3.0000
     57.000    24.7658   5.181138    34.2268    22.8314 0.0000e+00     3.0000
     58.000    24.7622   5.180937    34.2277    22.8333 0.0000e+00     4.0000
     59.000    24.7553   5.180111    34.2265    22.8345 0.0000e+00     4.0000
     60.000    24.7310   5.177997    34.2290    22.8437 0.0000e+00     5.0000
     61.000    24.7204   5.177193    34.2307    22.8483 0.0000e+00     4.0000
     62.000    24.7181   5.177040    34.2310    22.8493 0.0000e+00     9.0000
     63.000    24.7093   5.176090    34.2304    22.8515 0.0000e+00     8.0000
     64.000    24.6865   5.173956    34.2315    22.8593 0.0000e+00     3.0000
     65.000    24.6660   5.171977    34.2321    22.8660 0.0000e+00     4.0000
     66.000    24.6419   5.170005    34.2354    22.8758 0.0000e+00     4.0000
     67.000    24.6329   5.169344    34.2370    22.8798 0.0000e+00     4.0000
     68.000    24.6093   5.166668    34.2348    22.8852 0.0000e+00     4.0000
     69.000    24.5805   5.164447    34.2399    22.8977 0.0000e+00     3.0000
     70.000    24.5682   5.163351    34.2407    22.9021 0.0000e+00     4.0000
     71.000    24.5295   5.159328    34.2399    22.9132 0.0000e+00     7.0000
     72.000    24.4623   5.152294    34.2384    22.9322 0.0000e+00     4.0000
     73.000    24.4035   5.146751    34.2415    22.9521 0.0000e+00     3.0000
     74.000    24.2829   5.132844    34.2293    22.9788 0.0000e+00     4.0000
     75.000    23.8585   5.088600    34.2216    23.0985 0.0000e+00     4.0000
     76.000    23.2887   5.033420    34.2423    23.2803 0.0000e+00     5.0000
     77.000    22.4154   4.950708    34.2868    23.5637 0.0000e+00     3.0000
     78.000    22.1732   4.936189    34.3644    23.6908 0.0000e+00     3.0000
     79.000    22.1818   4.936580    34.3603    23.6853 0.0000e+00     4.0000
     80.000    22.1604   4.934311    34.3592    23.6905 0.0000e+00     5.0000
     81.000    22.1164   4.930643    34.3650    23.7073 0.0000e+00     7.0000
     82.000    22.0907   4.928476    34.3681    23.7169 0.0000e+00     7.0000
     83.000    22.0544   4.925626    34.3742    23.7317 0.0000e+00     6.0000
     84.000    22.0529   4.925663    34.3753    23.7331 0.0000e+00     6.0000
     85.000    22.0476   4.925323    34.3765    23.7355 0.0000e+00     4.0000
     86.000    22.0323   4.923642    34.3752    23.7388 0.0000e+00     4.0000
     87.000    21.9764   4.917778    34.3732    23.7530 0.0000e+00     4.0000
     88.000    21.8261   4.903671    34.3814    23.8011 0.0000e+00     3.0000
     89.000    21.7003   4.892199    34.3909    23.8432 0.0000e+00     4.0000
     90.000    21.5860   4.880526    34.3896    23.8738 0.0000e+00     3.0000
     91.000    21.4865   4.872139    34.4024    23.9110 0.0000e+00     4.0000
     92.000    21.4205   4.866590    34.4108    23.9356 0.0000e+00     5.0000
     93.000    21.3369   4.859177    34.4186    23.9645 0.0000e+00    10.0000
     94.000    21.2433   4.850419    34.4238    23.9940 0.0000e+00     5.0000
     95.000    21.2014   4.846514    34.4260    24.0072 0.0000e+00     5.0000
     96.000    21.1668   4.843035    34.4257    24.0164 0.0000e+00     6.0000
     97.000    21.0909   4.835333    34.4250    24.0366 0.0000e+00     4.0000
     98.000    20.9727   4.820746    34.4032    24.0521 0.0000e+00     3.0000
     99.000    20.6003   4.781562    34.3888    24.1413 0.0000e+00     4.0000
    100.000    20.1580   4.741698    34.4249    24.2864 0.0000e+00     4.0000
    101.000    19.9647   4.727428    34.4662    24.3688 0.0000e+00     5.0000
    102.000    19.9030   4.721358    34.4668    24.3854 0.0000e+00     5.0000
    103.000    19.8677   4.718281    34.4702    24.3973 0.0000e+00     5.0000
    104.000    19.8220   4.713644    34.4694    24.4086 0.0000e+00     5.0000
    105.000    19.7757   4.708946    34.4685    24.4201 0.0000e+00     5.0000
    106.000    19.6921   4.700673    34.4689    24.4422 0.0000e+00     4.0000
    107.000    19.5733   4.688572    34.4668    24.4714 0.0000e+00     6.0000
    108.000    19.3697   4.667398    34.4595    24.5185 0.0000e+00     6.0000
    109.000    18.9247   4.621559    34.4469    24.6224 0.0000e+00     6.0000
    110.000    18.4964   4.575666    34.4185    24.7085 0.0000e+00     4.0000
    111.000    18.2753   4.555108    34.4296    24.7720 0.0000e+00     3.0000
    112.000    17.9045   4.510353    34.3605    24.8103 0.0000e+00     4.0000
    113.000    17.4538   4.473193    34.4226    24.9672 0.0000e+00     3.0000
    114.000    17.3096   4.466171    34.4843    25.0492 0.0000e+00     2.0000
