CTD/CNV/C21.CNV
* Sea-Bird SBE 9 Raw Data File:
* FileName = D:\SS4249\CR1267\C21.DAT
* Software Version 4.249
* Temperature SN = 1572
* Conductivity SN = 1344
* Number of Bytes Per Scan = 38
* Number of Voltage Words = 5
* Number of Scans Averaged by the Deck Unit = 4
* NMEA Latitude = 21 54.33 N
* NMEA Longitude = 120 46.34 E
* NMEA UTC (Time) = Dec 26 2007  05:33:43
** Ship:      OR3
** Cruise:    1267
** Station:   C21
** Latitude:  21-54.316
** Longitude: 120-46.398
** 116M
# nquan = 7
# nvalues = 110                         
# units = metric
# name 0 = pr: pressure [db]
# name 1 = t090: temperature, ITS-90 [deg C]
# name 2 = c0S/m: conductivity [S/m]
# name 3 = sal00: salinity, PSS-78 [PSU]
# name 4 = sigma-é00: density, sigma-theta [kg/m^3]
# name 5 = flag:  0.000e+00
# name 6 = nbin: number of scans per bin
# span 0 = 3.000, 112.000                         
# span 1 = 17.2167, 26.1856                       
# span 2 = 4.455751, 5.305591                     
# span 3 = 33.9849, 34.4741                       
# span 4 = 22.2119, 25.0635                       
# span 5 = 0.0000e+00, 0.0000e+00                 
# span 6 = 1.0000, 10.0000                        
# interval = decibars: 1                                
# start_time = Dec 26 2007 05:33:43
# bad_flag = -9.990e-29
*END*
      3.000    26.1797   5.290573    33.9849    22.2119 0.0000e+00     9.0000
      4.000    26.1772   5.300054    34.0549    22.2656 0.0000e+00     9.0000
      5.000    26.1775   5.303431    34.0788    22.2836 0.0000e+00     4.0000
      6.000    26.1776   5.303704    34.0804    22.2848 0.0000e+00     5.0000
      7.000    26.1766   5.303555    34.0797    22.2847 0.0000e+00     4.0000
      8.000    26.1808   5.304468    34.0829    22.2859 0.0000e+00     4.0000
      9.000    26.1825   5.305018    34.0853    22.2872 0.0000e+00     3.0000
     10.000    26.1839   5.305303    34.0860    22.2874 0.0000e+00     3.0000
     11.000    26.1856   5.304233    34.0767    22.2799 0.0000e+00     7.0000
     12.000    26.1776   5.300163    34.0530    22.2646 0.0000e+00    10.0000
     13.000    26.1768   5.302573    34.0707    22.2782 0.0000e+00     6.0000
     14.000    26.1819   5.304329    34.0793    22.2832 0.0000e+00     5.0000
     15.000    26.1793   5.304943    34.0853    22.2886 0.0000e+00     4.0000
     16.000    26.1776   5.305254    34.0885    22.2917 0.0000e+00     3.0000
     17.000    26.1778   5.305499    34.0899    22.2927 0.0000e+00     3.0000
     18.000    26.1777   5.305591    34.0903    22.2931 0.0000e+00     4.0000
     19.000    26.1789   5.305529    34.0886    22.2916 0.0000e+00     4.0000
     20.000    26.1729   5.305098    34.0897    22.2943 0.0000e+00     6.0000
     21.000    26.1391   5.302968    34.0991    22.3120 0.0000e+00     6.0000
     22.000    26.1269   5.300765    34.0919    22.3104 0.0000e+00     8.0000
     23.000    26.1138   5.300010    34.0959    22.3176 0.0000e+00     8.0000
     24.000    26.0757   5.297755    34.1076    22.3383 0.0000e+00     4.0000
     25.000    25.9810   5.290813    34.1274    22.3828 0.0000e+00     4.0000
     26.000    25.7868   5.275424    34.1602    22.4677 0.0000e+00     4.0000
     27.000    25.6848   5.265596    34.1646    22.5025 0.0000e+00     4.0000
     28.000    25.6567   5.262654    34.1638    22.5107 0.0000e+00     3.0000
     29.000    25.6401   5.261536    34.1678    22.5189 0.0000e+00     5.0000
     30.000    25.6088   5.259532    34.1763    22.5350 0.0000e+00     5.0000
     31.000    25.5681   5.257318    34.1903    22.5582 0.0000e+00     6.0000
     32.000    25.4949   5.251838    34.2049    22.5917 0.0000e+00     5.0000
     33.000    25.4497   5.247814    34.2091    22.6088 0.0000e+00     5.0000
     34.000    25.3799   5.242614    34.2232    22.6409 0.0000e+00     7.0000
     35.000    25.3492   5.239601    34.2239    22.6509 0.0000e+00     6.0000
     36.000    25.2849   5.233726    34.2289    22.6743 0.0000e+00     5.0000
     37.000    25.2286   5.227516    34.2254    22.6889 0.0000e+00     5.0000
     38.000    25.1391   5.220750    34.2429    22.7294 0.0000e+00     5.0000
     39.000    25.0865   5.214776    34.2383    22.7420 0.0000e+00     4.0000
     40.000    25.0547   5.211400    34.2371    22.7508 0.0000e+00     4.0000
     41.000    25.0064   5.206616    34.2380    22.7662 0.0000e+00     4.0000
     42.000    24.9859   5.205376    34.2441    22.7771 0.0000e+00     5.0000
     43.000    24.9745   5.206435    34.2602    22.7928 0.0000e+00     7.0000
     44.000    24.9673   5.206870    34.2686    22.8014 0.0000e+00     6.0000
     45.000    24.9482   5.202323    34.2491    22.7925 0.0000e+00     5.0000
     46.000    24.9352   5.199473    34.2376    22.7878 0.0000e+00     4.0000
     47.000    24.9272   5.198610    34.2369    22.7898 0.0000e+00     4.0000
     48.000    24.8774   5.197270    34.2645    22.8257 0.0000e+00     6.0000
     49.000    24.8092   5.192514    34.2807    22.8586 0.0000e+00     6.0000
     50.000    24.7794   5.183797    34.2384    22.8357 0.0000e+00     7.0000
     51.000    24.7325   5.177055    34.2236    22.8387 0.0000e+00     6.0000
     52.000    24.6761   5.171887    34.2278    22.8588 0.0000e+00     5.0000
     53.000    24.6421   5.168218    34.2261    22.8678 0.0000e+00     3.0000
     54.000    24.5820   5.162648    34.2300    22.8889 0.0000e+00     4.0000
     55.000    24.5187   5.156554    34.2325    22.9098 0.0000e+00     4.0000
     56.000    24.4603   5.151459    34.2387    22.9320 0.0000e+00     6.0000
     57.000    24.4224   5.148204    34.2430    22.9466 0.0000e+00     5.0000
     58.000    24.3817   5.144179    34.2437    22.9593 0.0000e+00     5.0000
     59.000    24.3440   5.140963    34.2481    22.9740 0.0000e+00     7.0000
     60.000    24.3368   5.140602    34.2506    22.9781 0.0000e+00     8.0000
     61.000    24.3364   5.140489    34.2498    22.9776 0.0000e+00     5.0000
     62.000    24.3277   5.139669    34.2500    22.9804 0.0000e+00     5.0000
     63.000    24.3070   5.137695    34.2507    22.9872 0.0000e+00     5.0000
     64.000    24.2501   5.132492    34.2549    23.0073 0.0000e+00     4.0000
     65.000    24.2407   5.131644    34.2555    23.0106 0.0000e+00     4.0000
     66.000    24.2227   5.130089    34.2573    23.0174 0.0000e+00     5.0000
     67.000    24.1884   5.127008    34.2601    23.0298 0.0000e+00     5.0000
     68.000    24.1747   5.125936    34.2622    23.0355 0.0000e+00     5.0000
     69.000    24.1675   5.125198    34.2619    23.0374 0.0000e+00     6.0000
     70.000    24.1615   5.124865    34.2637    23.0406 0.0000e+00     8.0000
     71.000    24.1563   5.124398    34.2638    23.0423 0.0000e+00     6.0000
     72.000    24.1519   5.124074    34.2645    23.0442 0.0000e+00     6.0000
     73.000    24.1355   5.122589    34.2656    23.0499 0.0000e+00     6.0000
     74.000    24.1356   5.122774    34.2666    23.0507 0.0000e+00     4.0000
     75.000    24.1331   5.122575    34.2667    23.0516 0.0000e+00     4.0000
     76.000    24.1384   5.123122    34.2664    23.0499 0.0000e+00     5.0000
     77.000    24.1479   5.124133    34.2664    23.0471 0.0000e+00     5.0000
     78.000    24.1357   5.122735    34.2649    23.0497 0.0000e+00     5.0000
     79.000    24.1159   5.121199    34.2683    23.0581 0.0000e+00     6.0000
     80.000    24.0681   5.116608    34.2701    23.0737 0.0000e+00     9.0000
     81.000    24.0443   5.114690    34.2736    23.0835 0.0000e+00     6.0000
     82.000    24.0353   5.113918    34.2744    23.0868 0.0000e+00     6.0000
     83.000    24.0252   5.112931    34.2744    23.0899 0.0000e+00     4.0000
     84.000    23.9493   5.103575    34.2620    23.1029 0.0000e+00     4.0000
     85.000    23.6375   5.074210    34.2799    23.2079 0.0000e+00     4.0000
     86.000    23.4544   5.058365    34.3008    23.2772 0.0000e+00     4.0000
     87.000    23.3794   5.052229    34.3119    23.3074 0.0000e+00     7.0000
     88.000    23.2657   5.041521    34.3182    23.3452 0.0000e+00    10.0000
     89.000    23.2587   5.041025    34.3195    23.3483 0.0000e+00     5.0000
     90.000    23.2521   5.040518    34.3204    23.3509 0.0000e+00     6.0000
     91.000    23.2467   5.040127    34.3213    23.3532 0.0000e+00     5.0000
     92.000    23.2306   5.038473    34.3209    23.3576 0.0000e+00     5.0000
     93.000    23.2202   5.037790    34.3234    23.3626 0.0000e+00     4.0000
     94.000    23.2315   5.038895    34.3228    23.3589 0.0000e+00     5.0000
     95.000    23.2174   5.037441    34.3223    23.3627 0.0000e+00     6.0000
     96.000    23.1716   5.032747    34.3217    23.3755 0.0000e+00     6.0000
     97.000    23.1982   5.036356    34.3283    23.3729 0.0000e+00     5.0000
     98.000    23.1406   5.028838    34.3152    23.3796 0.0000e+00     6.0000
     99.000    22.7895   4.995817    34.3353    23.4956 0.0000e+00     9.0000
    100.000    22.6509   4.982166    34.3382    23.5373 0.0000e+00     6.0000
    101.000    22.2820   4.945322    34.3421    23.6446 0.0000e+00     4.0000
    102.000    22.1183   4.931238    34.3612    23.7050 0.0000e+00     5.0000
    103.000    21.6710   4.880848    34.3200    23.7981 0.0000e+00     4.0000
    104.000    20.8783   4.808319    34.3776    24.0584 0.0000e+00     4.0000
    105.000    20.1718   4.736610    34.3705    24.2415 0.0000e+00     5.0000
    106.000    19.5207   4.681651    34.4534    24.4748 0.0000e+00     8.0000
    107.000    19.3872   4.669543    34.4632    24.5167 0.0000e+00     7.0000
    108.000    18.9283   4.619342    34.4257    24.6053 0.0000e+00     7.0000
    109.000    18.2967   4.557485    34.4325    24.7689 0.0000e+00     6.0000
    110.000    17.7750   4.502716    34.4052    24.8761 0.0000e+00     4.0000
    111.000    17.4605   4.474122    34.4256    24.9679 0.0000e+00     4.0000
    112.000    17.2167   4.455751    34.4741    25.0635 0.0000e+00     1.0000
