CTD/CNV/C22.CNV
* Sea-Bird SBE 9 Raw Data File:
* FileName = D:\SS4249\CR1267\C22.DAT
* Software Version 4.249
* Temperature SN = 1572
* Conductivity SN = 1344
* Number of Bytes Per Scan = 38
* Number of Voltage Words = 5
* Number of Scans Averaged by the Deck Unit = 4
* NMEA Latitude = 21 54.30 N
* NMEA Longitude = 120 46.31 E
* NMEA UTC (Time) = Dec 26 2007  06:30:04
** Ship:      OR3
** Cruise:    1267
** Station:   C22
** Latitude:  21-54.297
** Longitude: 120-46.362
** 117M
# nquan = 7
# nvalues = 111                         
# units = metric
# name 0 = pr: pressure [db]
# name 1 = t090: temperature, ITS-90 [deg C]
# name 2 = c0S/m: conductivity [S/m]
# name 3 = sal00: salinity, PSS-78 [PSU]
# name 4 = sigma-é00: density, sigma-theta [kg/m^3]
# name 5 = flag:  0.000e+00
# name 6 = nbin: number of scans per bin
# span 0 = 3.000, 113.000                         
# span 1 = 18.1571, 26.1635                       
# span 2 = 4.547027, 5.304596                     
# span 3 = 33.9063, 34.4597                       
# span 4 = 22.1615, 24.8243                       
# span 5 = 0.0000e+00, 0.0000e+00                 
# span 6 = 1.0000, 11.0000                        
# interval = decibars: 1                                
# start_time = Dec 26 2007 06:30:04
# bad_flag = -9.990e-29
*END*
      3.000    26.1516   5.276823    33.9063    22.1615 0.0000e+00     7.0000
      4.000    26.1531   5.296585    34.0477    22.2677 0.0000e+00     5.0000
      5.000    26.1573   5.298663    34.0593    22.2752 0.0000e+00     6.0000
      6.000    26.1551   5.299701    34.0681    22.2826 0.0000e+00     6.0000
      7.000    26.1526   5.300031    34.0721    22.2864 0.0000e+00     6.0000
      8.000    26.1528   5.300356    34.0740    22.2878 0.0000e+00     6.0000
      9.000    26.1567   5.301162    34.0766    22.2887 0.0000e+00     4.0000
     10.000    26.1589   5.301840    34.0795    22.2903 0.0000e+00     5.0000
     11.000    26.1581   5.301927    34.0805    22.2913 0.0000e+00     4.0000
     12.000    26.1596   5.302026    34.0798    22.2904 0.0000e+00     5.0000
     13.000    26.1587   5.302084    34.0806    22.2913 0.0000e+00     4.0000
     14.000    26.1586   5.302294    34.0818    22.2924 0.0000e+00     5.0000
     15.000    26.1559   5.302220    34.0830    22.2942 0.0000e+00     4.0000
     16.000    26.1582   5.302112    34.0802    22.2914 0.0000e+00     5.0000
     17.000    26.1592   5.301891    34.0776    22.2892 0.0000e+00     6.0000
     18.000    26.1611   5.302164    34.0778    22.2889 0.0000e+00     6.0000
     19.000    26.1612   5.302809    34.0821    22.2922 0.0000e+00     5.0000
     20.000    26.1613   5.303254    34.0850    22.2943 0.0000e+00     4.0000
     21.000    26.1617   5.303578    34.0867    22.2956 0.0000e+00     4.0000
     22.000    26.1615   5.303665    34.0872    22.2961 0.0000e+00     4.0000
     23.000    26.1613   5.303648    34.0869    22.2960 0.0000e+00     4.0000
     24.000    26.1610   5.303608    34.0865    22.2959 0.0000e+00     5.0000
     25.000    26.1609   5.303577    34.0861    22.2956 0.0000e+00     5.0000
     26.000    26.1610   5.303528    34.0854    22.2951 0.0000e+00     5.0000
     27.000    26.1620   5.303301    34.0827    22.2929 0.0000e+00     7.0000
     28.000    26.1632   5.303511    34.0830    22.2928 0.0000e+00     6.0000
     29.000    26.1634   5.304284    34.0881    22.2967 0.0000e+00     3.0000
     30.000    26.1635   5.304596    34.0900    22.2981 0.0000e+00     4.0000
     31.000    26.1616   5.304539    34.0907    22.2993 0.0000e+00     4.0000
     32.000    26.1624   5.304532    34.0898    22.2984 0.0000e+00     5.0000
     33.000    26.1561   5.304196    34.0917    22.3019 0.0000e+00     4.0000
     34.000    26.1563   5.304122    34.0907    22.3012 0.0000e+00     5.0000
     35.000    26.1548   5.304133    34.0916    22.3024 0.0000e+00     4.0000
     36.000    26.1586   5.304495    34.0911    22.3009 0.0000e+00     5.0000
     37.000    26.1513   5.304327    34.0950    22.3062 0.0000e+00     5.0000
     38.000    26.1008   5.302087    34.1160    22.3378 0.0000e+00     7.0000
     39.000    26.0851   5.298777    34.1034    22.3333 0.0000e+00     6.0000
     40.000    26.0953   5.299209    34.0987    22.3266 0.0000e+00     4.0000
     41.000    26.0703   5.297612    34.1054    22.3395 0.0000e+00     4.0000
     42.000    25.9507   5.289008    34.1317    22.3966 0.0000e+00     4.0000
     43.000    25.7941   5.276824    34.1597    22.4663 0.0000e+00     4.0000
     44.000    25.6602   5.267873    34.1944    22.5338 0.0000e+00     5.0000
     45.000    25.6208   5.262509    34.1845    22.5385 0.0000e+00     5.0000
     46.000    25.6064   5.257374    34.1574    22.5226 0.0000e+00     4.0000
     47.000    25.5906   5.255828    34.1577    22.5277 0.0000e+00     5.0000
     48.000    25.5641   5.253583    34.1608    22.5383 0.0000e+00     6.0000
     49.000    25.5327   5.251266    34.1671    22.5528 0.0000e+00     6.0000
     50.000    25.5060   5.248619    34.1675    22.5613 0.0000e+00     5.0000
     51.000    25.4462   5.243209    34.1725    22.5834 0.0000e+00     3.0000
     52.000    25.3842   5.237288    34.1754    22.6046 0.0000e+00     5.0000
     53.000    25.2711   5.227558    34.1887    22.6493 0.0000e+00     6.0000
     54.000    25.2136   5.222767    34.1965    22.6728 0.0000e+00     6.0000
     55.000    25.1846   5.220087    34.1983    22.6831 0.0000e+00     4.0000
     56.000    25.1658   5.218423    34.2000    22.6901 0.0000e+00     3.0000
     57.000    25.1384   5.215744    34.2006    22.6990 0.0000e+00     4.0000
     58.000    25.0865   5.210957    34.2042    22.7175 0.0000e+00     6.0000
     59.000    25.0530   5.207901    34.2067    22.7296 0.0000e+00     5.0000
     60.000    25.0239   5.205323    34.2093    22.7405 0.0000e+00     4.0000
     61.000    25.0074   5.203685    34.2094    22.7456 0.0000e+00     3.0000
     62.000    24.9673   5.199497    34.2085    22.7571 0.0000e+00     4.0000
     63.000    24.9154   5.195221    34.2158    22.7784 0.0000e+00    10.0000
     64.000    24.8832   5.192361    34.2187    22.7904 0.0000e+00     5.0000
     65.000    24.8619   5.190056    34.2175    22.7960 0.0000e+00     4.0000
     66.000    24.8422   5.188543    34.2209    22.8046 0.0000e+00     5.0000
     67.000    24.8275   5.186929    34.2198    22.8082 0.0000e+00     5.0000
     68.000    24.7988   5.184366    34.2223    22.8188 0.0000e+00     5.0000
     69.000    24.7745   5.181923    34.2223    22.8262 0.0000e+00     4.0000
     70.000    24.7557   5.180246    34.2238    22.8330 0.0000e+00     4.0000
     71.000    24.7314   5.177794    34.2237    22.8404 0.0000e+00     4.0000
     72.000    24.6851   5.173404    34.2260    22.8561 0.0000e+00     4.0000
     73.000    24.6376   5.168992    34.2290    22.8726 0.0000e+00     7.0000
     74.000    24.5875   5.164525    34.2335    22.8912 0.0000e+00     5.0000
     75.000    24.5814   5.164150    34.2351    22.8942 0.0000e+00     4.0000
     76.000    24.5748   5.163443    34.2345    22.8958 0.0000e+00     5.0000
     77.000    24.5574   5.161884    34.2359    22.9021 0.0000e+00     6.0000
     78.000    24.5520   5.161463    34.2365    22.9043 0.0000e+00     8.0000
     79.000    24.5442   5.160761    34.2369    22.9070 0.0000e+00     5.0000
     80.000    24.5438   5.160893    34.2379    22.9079 0.0000e+00     4.0000
     81.000    24.5394   5.160388    34.2372    22.9088 0.0000e+00     3.0000
     82.000    24.5271   5.159151    34.2370    22.9124 0.0000e+00     4.0000
     83.000    24.5033   5.157028    34.2390    22.9211 0.0000e+00     4.0000
     84.000    24.4879   5.155375    34.2381    22.9250 0.0000e+00     5.0000
     85.000    24.4436   5.151445    34.2422    22.9415 0.0000e+00     5.0000
     86.000    24.3395   5.141234    34.2451    22.9747 0.0000e+00     8.0000
     87.000    24.1696   5.125607    34.2577    23.0347 0.0000e+00     7.0000
     88.000    24.0269   5.109451    34.2453    23.0677 0.0000e+00     5.0000
     89.000    23.6127   5.070240    34.2676    23.2061 0.0000e+00     3.0000
     90.000    23.4176   5.054257    34.2968    23.2851 0.0000e+00     4.0000
     91.000    23.2704   5.041111    34.3104    23.3381 0.0000e+00     6.0000
     92.000    23.1667   5.032134    34.3221    23.3770 0.0000e+00     6.0000
     93.000    23.1305   5.028026    34.3185    23.3847 0.0000e+00     4.0000
     94.000    23.0636   5.021632    34.3213    23.4062 0.0000e+00     4.0000
     95.000    22.8824   5.002793    34.3177    23.4554 0.0000e+00     4.0000
     96.000    22.7423   4.991524    34.3401    23.5125 0.0000e+00     6.0000
     97.000    22.6310   4.981189    34.3472    23.5496 0.0000e+00     6.0000
     98.000    22.4485   4.962463    34.3452    23.5998 0.0000e+00     5.0000
     99.000    22.2458   4.944048    34.3614    23.6693 0.0000e+00     4.0000
    100.000    22.1850   4.939278    34.3719    23.6944 0.0000e+00     6.0000
    101.000    22.1430   4.935545    34.3756    23.7090 0.0000e+00     6.0000
    102.000    22.1234   4.933801    34.3772    23.7158 0.0000e+00     5.0000
    103.000    22.1125   4.932692    34.3768    23.7186 0.0000e+00     4.0000
    104.000    22.0203   4.921368    34.3608    23.7323 0.0000e+00     5.0000
    105.000    21.2956   4.839395    34.2904    23.8788 0.0000e+00     4.0000
    106.000    20.0613   4.726518    34.3780    24.2764 0.0000e+00     5.0000
    107.000    19.4342   4.673576    34.4577    24.5005 0.0000e+00     5.0000
    108.000    19.0118   4.628239    34.4306    24.5879 0.0000e+00     5.0000
    109.000    18.6860   4.597322    34.4427    24.6795 0.0000e+00     5.0000
    110.000    18.5045   4.579511    34.4441    24.7261 0.0000e+00     7.0000
    111.000    18.3703   4.566318    34.4448    24.7601 0.0000e+00     7.0000
    112.000    18.2748   4.557644    34.4512    24.7887 0.0000e+00    11.0000
    113.000    18.1571   4.547027    34.4597    24.8243 0.0000e+00     1.0000
