CTD/CNV/C23.CNV
* Sea-Bird SBE 9 Raw Data File:
* FileName = D:\SS4249\CR1267\C23.DAT
* Software Version 4.249
* Temperature SN = 1572
* Conductivity SN = 1344
* Number of Bytes Per Scan = 38
* Number of Voltage Words = 5
* Number of Scans Averaged by the Deck Unit = 4
* NMEA Latitude = 21 54.27 N
* NMEA Longitude = 120 46.43 E
* NMEA UTC (Time) = Dec 26 2007  07:37:47
** Ship:      OR3
** Cruise:    1267
** Station:   C23
** Latitude:  21-54.262
** Longitude: 120-46.498
** 119M
# nquan = 7
# nvalues = 112                         
# units = metric
# name 0 = pr: pressure [db]
# name 1 = t090: temperature, ITS-90 [deg C]
# name 2 = c0S/m: conductivity [S/m]
# name 3 = sal00: salinity, PSS-78 [PSU]
# name 4 = sigma-é00: density, sigma-theta [kg/m^3]
# name 5 = flag:  0.000e+00
# name 6 = nbin: number of scans per bin
# span 0 = 3.000, 114.000                         
# span 1 = 18.0123, 26.2056                       
# span 2 = 4.529304, 5.309236                     
# span 3 = 33.9606, 34.4568                       
# span 4 = 22.1943, 24.8377                       
# span 5 = 0.0000e+00, 0.0000e+00                 
# span 6 = 3.0000, 10.0000                        
# interval = decibars: 1                                
# start_time = Dec 26 2007 07:37:47
# bad_flag = -9.990e-29
*END*
      3.000    26.1617   5.287088    33.9730    22.2086 0.0000e+00    10.0000
      4.000    26.1777   5.287048    33.9606    22.1943 0.0000e+00    10.0000
      5.000    26.1926   5.302168    34.0584    22.2635 0.0000e+00     4.0000
      6.000    26.1967   5.305737    34.0809    22.2792 0.0000e+00     4.0000
      7.000    26.1948   5.305600    34.0810    22.2800 0.0000e+00     5.0000
      8.000    26.1938   5.304902    34.0764    22.2769 0.0000e+00     6.0000
      9.000    26.1946   5.306023    34.0836    22.2821 0.0000e+00     4.0000
     10.000    26.1952   5.306688    34.0876    22.2851 0.0000e+00     4.0000
     11.000    26.1961   5.306686    34.0867    22.2841 0.0000e+00     5.0000
     12.000    26.1969   5.306055    34.0812    22.2798 0.0000e+00     6.0000
     13.000    26.1970   5.306575    34.0846    22.2824 0.0000e+00     5.0000
     14.000    26.1969   5.307367    34.0901    22.2867 0.0000e+00     3.0000
     15.000    26.1983   5.307853    34.0923    22.2879 0.0000e+00     3.0000
     16.000    26.2020   5.308199    34.0917    22.2864 0.0000e+00     4.0000
     17.000    26.2028   5.308019    34.0895    22.2846 0.0000e+00     5.0000
     18.000    26.2032   5.307608    34.0859    22.2819 0.0000e+00     6.0000
     19.000    26.2023   5.307992    34.0891    22.2846 0.0000e+00     5.0000
     20.000    26.2046   5.308708    34.0922    22.2863 0.0000e+00     4.0000
     21.000    26.2044   5.308913    34.0936    22.2874 0.0000e+00     4.0000
     22.000    26.2032   5.308783    34.0932    22.2876 0.0000e+00     5.0000
     23.000    26.2041   5.308260    34.0885    22.2838 0.0000e+00     6.0000
     24.000    26.2056   5.308686    34.0901    22.2847 0.0000e+00     5.0000
     25.000    26.2047   5.309236    34.0945    22.2883 0.0000e+00     4.0000
     26.000    26.2005   5.309068    34.0961    22.2909 0.0000e+00     3.0000
     27.000    26.2020   5.309163    34.0953    22.2899 0.0000e+00     4.0000
     28.000    26.2031   5.309087    34.0937    22.2884 0.0000e+00     5.0000
     29.000    26.2011   5.308912    34.0936    22.2891 0.0000e+00     6.0000
     30.000    26.1897   5.308329    34.0975    22.2957 0.0000e+00     4.0000
     31.000    26.1805   5.307367    34.0971    22.2983 0.0000e+00     4.0000
     32.000    26.1800   5.307380    34.0973    22.2986 0.0000e+00     4.0000
     33.000    26.1777   5.307110    34.0967    22.2990 0.0000e+00     4.0000
     34.000    26.1781   5.307006    34.0954    22.2979 0.0000e+00     6.0000
     35.000    26.1787   5.307111    34.0954    22.2978 0.0000e+00     5.0000
     36.000    26.1751   5.307029    34.0972    22.3003 0.0000e+00     5.0000
     37.000    26.1599   5.306071    34.1012    22.3082 0.0000e+00     5.0000
     38.000    26.1055   5.301659    34.1094    22.3314 0.0000e+00     4.0000
     39.000    26.0812   5.298785    34.1064    22.3367 0.0000e+00     5.0000
     40.000    26.0556   5.296818    34.1109    22.3482 0.0000e+00     4.0000
     41.000    25.9349   5.286976    34.1291    22.3994 0.0000e+00     3.0000
     42.000    25.8099   5.276620    34.1467    22.4515 0.0000e+00     4.0000
     43.000    25.7396   5.271275    34.1601    22.4833 0.0000e+00     5.0000
     44.000    25.6290   5.265305    34.1990    22.5469 0.0000e+00     5.0000
     45.000    25.5635   5.255576    34.1768    22.5503 0.0000e+00     6.0000
     46.000    25.5151   5.249278    34.1667    22.5576 0.0000e+00     5.0000
     47.000    25.4601   5.244464    34.1725    22.5789 0.0000e+00     5.0000
     48.000    25.4142   5.240070    34.1744    22.5945 0.0000e+00     4.0000
     49.000    25.3678   5.236438    34.1824    22.6148 0.0000e+00     4.0000
     50.000    25.3557   5.235390    34.1835    22.6194 0.0000e+00     3.0000
     51.000    25.3470   5.234762    34.1851    22.6233 0.0000e+00     4.0000
     52.000    25.3374   5.233924    34.1859    22.6269 0.0000e+00     4.0000
     53.000    25.3301   5.233425    34.1874    22.6303 0.0000e+00     5.0000
     54.000    25.3291   5.233422    34.1878    22.6310 0.0000e+00     8.0000
     55.000    25.3277   5.233334    34.1879    22.6316 0.0000e+00     4.0000
     56.000    25.3193   5.232564    34.1883    22.6345 0.0000e+00     4.0000
     57.000    25.3177   5.232585    34.1893    22.6358 0.0000e+00     4.0000
     58.000    25.3130   5.232185    34.1896    22.6376 0.0000e+00     5.0000
     59.000    25.3039   5.231428    34.1906    22.6412 0.0000e+00     5.0000
     60.000    25.2966   5.230767    34.1909    22.6437 0.0000e+00     4.0000
     61.000    25.2668   5.227286    34.1875    22.6503 0.0000e+00     3.0000
     62.000    25.2101   5.221766    34.1893    22.6690 0.0000e+00     4.0000
     63.000    25.2019   5.222847    34.2031    22.6820 0.0000e+00     5.0000
     64.000    25.2648   5.227137    34.1870    22.6507 0.0000e+00     7.0000
     65.000    25.1052   5.211941    34.1952    22.7055 0.0000e+00     5.0000
     66.000    25.0038   5.202890    34.2047    22.7435 0.0000e+00     4.0000
     67.000    24.9981   5.202912    34.2088    22.7484 0.0000e+00     4.0000
     68.000    24.9913   5.201934    34.2065    22.7487 0.0000e+00     4.0000
     69.000    24.9670   5.199153    34.2040    22.7543 0.0000e+00     4.0000
     70.000    24.8755   5.190958    34.2123    22.7883 0.0000e+00     6.0000
     71.000    24.8613   5.189540    34.2123    22.7926 0.0000e+00     4.0000
     72.000    24.8371   5.187566    34.2157    22.8025 0.0000e+00     5.0000
     73.000    24.8273   5.186711    34.2165    22.8061 0.0000e+00     6.0000
     74.000    24.8111   5.184778    34.2141    22.8093 0.0000e+00     6.0000
     75.000    24.7913   5.182999    34.2156    22.8165 0.0000e+00     4.0000
     76.000    24.7931   5.183284    34.2161    22.8163 0.0000e+00     4.0000
     77.000    24.7983   5.183966    34.2169    22.8154 0.0000e+00     4.0000
     78.000    24.7984   5.184006    34.2168    22.8154 0.0000e+00     4.0000
     79.000    24.7998   5.184140    34.2164    22.8148 0.0000e+00     4.0000
     80.000    24.7973   5.183870    34.2160    22.8153 0.0000e+00     5.0000
     81.000    24.7914   5.183294    34.2159    22.8170 0.0000e+00     5.0000
     82.000    24.7897   5.183287    34.2168    22.8183 0.0000e+00     6.0000
     83.000    24.7956   5.183934    34.2168    22.8166 0.0000e+00     6.0000
     84.000    24.7981   5.184218    34.2167    22.8158 0.0000e+00     4.0000
     85.000    24.8045   5.184832    34.2161    22.8135 0.0000e+00     5.0000
     86.000    24.7932   5.183717    34.2161    22.8170 0.0000e+00     6.0000
     87.000    24.7859   5.182997    34.2160    22.8192 0.0000e+00     4.0000
     88.000    24.7854   5.183210    34.2176    22.8206 0.0000e+00     4.0000
     89.000    24.7700   5.181405    34.2156    22.8238 0.0000e+00     4.0000
     90.000    24.7573   5.180093    34.2152    22.8274 0.0000e+00     4.0000
     91.000    24.6846   5.172273    34.2120    22.8469 0.0000e+00     4.0000
     92.000    24.5192   5.157805    34.2298    22.9100 0.0000e+00     6.0000
     93.000    24.4409   5.150464    34.2345    22.9369 0.0000e+00     6.0000
     94.000    24.3432   5.141081    34.2386    22.9692 0.0000e+00     5.0000
     95.000    23.7570   5.077253    34.2075    23.1188 0.0000e+00     5.0000
     96.000    22.9007   5.000613    34.2862    23.4264 0.0000e+00     5.0000
     97.000    22.3767   4.954291    34.3385    23.6150 0.0000e+00     4.0000
     98.000    22.1512   4.934142    34.3592    23.6941 0.0000e+00     5.0000
     99.000    21.9495   4.914422    34.3642    23.7543 0.0000e+00     6.0000
    100.000    21.7413   4.895509    34.3806    23.8247 0.0000e+00     4.0000
    101.000    21.6193   4.882863    34.3777    23.8562 0.0000e+00     4.0000
    102.000    21.5187   4.874554    34.3920    23.8948 0.0000e+00     5.0000
    103.000    21.4815   4.871572    34.3978    23.9095 0.0000e+00     4.0000
    104.000    21.4378   4.866879    34.3952    23.9196 0.0000e+00     4.0000
    105.000    21.3466   4.857393    34.3926    23.9427 0.0000e+00     4.0000
    106.000    20.9699   4.818752    34.3867    24.0407 0.0000e+00     6.0000
    107.000    20.3137   4.758788    34.4345    24.2529 0.0000e+00     9.0000
    108.000    20.1168   4.741816    34.4568    24.3219 0.0000e+00     5.0000
    109.000    20.0187   4.729878    34.4392    24.3344 0.0000e+00     4.0000
    110.000    19.7573   4.701088    34.4173    24.3861 0.0000e+00     3.0000
    111.000    19.2545   4.645718    34.3740    24.4828 0.0000e+00     4.0000
    112.000    18.6557   4.586368    34.3749    24.6353 0.0000e+00     4.0000
    113.000    18.2274   4.549476    34.4214    24.7777 0.0000e+00     5.0000
    114.000    18.0123   4.529304    34.4305    24.8377 0.0000e+00     4.0000
