CTD/CNV/C24.CNV
* Sea-Bird SBE 9 Raw Data File:
* FileName = D:\SS4249\CR1267\C24.DAT
* Software Version 4.249
* Temperature SN = 1572
* Conductivity SN = 1344
* Number of Bytes Per Scan = 38
* Number of Voltage Words = 5
* Number of Scans Averaged by the Deck Unit = 4
* NMEA Latitude = 21 54.25 N
* NMEA Longitude = 120 46.31 E
* NMEA UTC (Time) = Dec 26 2007  08:44:09
** Ship:      OR3
** Cruise:    1267
** Station:   C24
** Latitude:  21-54.246
** Longitude: 120-46.410
** 120M
# nquan = 7
# nvalues = 114                         
# units = metric
# name 0 = pr: pressure [db]
# name 1 = t090: temperature, ITS-90 [deg C]
# name 2 = c0S/m: conductivity [S/m]
# name 3 = sal00: salinity, PSS-78 [PSU]
# name 4 = sigma-é00: density, sigma-theta [kg/m^3]
# name 5 = flag:  0.000e+00
# name 6 = nbin: number of scans per bin
# span 0 = 3.000, 116.000                         
# span 1 = 18.5055, 26.2348                       
# span 2 = 4.579084, 5.314510                     
# span 3 = 33.8014, 34.4623                       
# span 4 = 22.0760, 24.7210                       
# span 5 = 0.0000e+00, 0.0000e+00                 
# span 6 = 3.0000, 7.0000                         
# interval = decibars: 1                                
# start_time = Dec 26 2007 08:44:09
# bad_flag = -9.990e-29
*END*
      3.000    26.1722   5.264386    33.8014    22.0760 0.0000e+00     5.0000
      4.000    26.2181   5.314510    34.1290    22.3087 0.0000e+00     3.0000
      5.000    26.2263   5.310748    34.0954    22.2809 0.0000e+00     5.0000
      6.000    26.2295   5.310284    34.0894    22.2754 0.0000e+00     6.0000
      7.000    26.2300   5.311527    34.0977    22.2816 0.0000e+00     4.0000
      8.000    26.2330   5.312376    34.1013    22.2834 0.0000e+00     3.0000
      9.000    26.2348   5.312899    34.1034    22.2845 0.0000e+00     4.0000
     10.000    26.2342   5.312851    34.1032    22.2846 0.0000e+00     4.0000
     11.000    26.2337   5.312835    34.1032    22.2848 0.0000e+00     4.0000
     12.000    26.2253   5.312317    34.1054    22.2892 0.0000e+00     4.0000
     13.000    26.2188   5.311889    34.1068    22.2924 0.0000e+00     4.0000
     14.000    26.2132   5.311396    34.1071    22.2944 0.0000e+00     4.0000
     15.000    26.2127   5.311334    34.1067    22.2943 0.0000e+00     5.0000
     16.000    26.2163   5.311637    34.1059    22.2927 0.0000e+00     4.0000
     17.000    26.2159   5.311723    34.1065    22.2933 0.0000e+00     5.0000
     18.000    26.2117   5.311614    34.1086    22.2963 0.0000e+00     3.0000
     19.000    26.2096   5.311485    34.1089    22.2972 0.0000e+00     4.0000
     20.000    26.2067   5.311301    34.1094    22.2986 0.0000e+00     3.0000
     21.000    26.2010   5.310766    34.1095    22.3005 0.0000e+00     4.0000
     22.000    26.1986   5.310145    34.1065    22.2990 0.0000e+00     5.0000
     23.000    26.2059   5.310519    34.1034    22.2946 0.0000e+00     5.0000
     24.000    26.2111   5.311597    34.1071    22.2957 0.0000e+00     4.0000
     25.000    26.2049   5.311183    34.1084    22.2987 0.0000e+00     3.0000
     26.000    26.1945   5.310475    34.1107    22.3038 0.0000e+00     3.0000
     27.000    26.1749   5.308479    34.1105    22.3098 0.0000e+00     3.0000
     28.000    26.1594   5.306968    34.1108    22.3150 0.0000e+00     4.0000
     29.000    26.1516   5.306139    34.1103    22.3171 0.0000e+00     5.0000
     30.000    26.0798   5.301746    34.1316    22.3556 0.0000e+00     5.0000
     31.000    25.9721   5.292375    34.1435    22.3981 0.0000e+00     4.0000
     32.000    25.9077   5.284799    34.1363    22.4127 0.0000e+00     4.0000
     33.000    25.8647   5.280631    34.1377    22.4272 0.0000e+00     3.0000
     34.000    25.7525   5.271486    34.1547    22.4747 0.0000e+00     4.0000
     35.000    25.6402   5.262045    34.1696    22.5206 0.0000e+00     4.0000
     36.000    25.5723   5.257040    34.1836    22.5522 0.0000e+00     4.0000
     37.000    25.5334   5.253482    34.1865    22.5663 0.0000e+00     4.0000
     38.000    25.4996   5.250502    34.1898    22.5792 0.0000e+00     4.0000
     39.000    25.4840   5.248468    34.1863    22.5815 0.0000e+00     4.0000
     40.000    25.4630   5.246350    34.1862    22.5879 0.0000e+00     3.0000
     41.000    25.4458   5.245189    34.1904    22.5964 0.0000e+00     4.0000
     42.000    25.4157   5.242468    34.1927    22.6075 0.0000e+00     4.0000
     43.000    25.4036   5.241600    34.1952    22.6131 0.0000e+00     4.0000
     44.000    25.3600   5.237270    34.1959    22.6270 0.0000e+00     4.0000
     45.000    25.3386   5.235185    34.1964    22.6340 0.0000e+00     3.0000
     46.000    25.3219   5.233713    34.1978    22.6403 0.0000e+00     4.0000
     47.000    25.3042   5.232286    34.2004    22.6476 0.0000e+00     5.0000
     48.000    25.3070   5.232973    34.2030    22.6488 0.0000e+00     4.0000
     49.000    25.2430   5.227969    34.2142    22.6768 0.0000e+00     5.0000
     50.000    25.2053   5.223463    34.2091    22.6846 0.0000e+00     4.0000
     51.000    25.1840   5.221158    34.2079    22.6902 0.0000e+00     4.0000
     52.000    25.1772   5.220075    34.2048    22.6900 0.0000e+00     4.0000
     53.000    25.1706   5.219283    34.2036    22.6912 0.0000e+00     3.0000
     54.000    25.1574   5.218152    34.2049    22.6963 0.0000e+00     4.0000
     55.000    25.1446   5.217145    34.2069    22.7017 0.0000e+00     4.0000
     56.000    25.1019   5.213659    34.2131    22.7194 0.0000e+00     4.0000
     57.000    25.0888   5.211570    34.2073    22.7191 0.0000e+00     3.0000
     58.000    25.0851   5.210863    34.2046    22.7182 0.0000e+00     3.0000
     59.000    25.0836   5.210594    34.2034    22.7179 0.0000e+00     4.0000
     60.000    25.0828   5.210975    34.2065    22.7205 0.0000e+00     4.0000
     61.000    25.0832   5.212293    34.2156    22.7273 0.0000e+00     7.0000
     62.000    25.0824   5.211846    34.2126    22.7254 0.0000e+00     4.0000
     63.000    25.0821   5.210764    34.2045    22.7194 0.0000e+00     4.0000
     64.000    25.0844   5.210792    34.2027    22.7174 0.0000e+00     3.0000
     65.000    25.0874   5.211282    34.2037    22.7174 0.0000e+00     4.0000
     66.000    25.0807   5.211736    34.2118    22.7256 0.0000e+00     6.0000
     67.000    25.0710   5.209933    34.2056    22.7238 0.0000e+00     4.0000
     68.000    25.0725   5.209405    34.2002    22.7194 0.0000e+00     3.0000
     69.000    25.0711   5.209137    34.1990    22.7190 0.0000e+00     3.0000
     70.000    25.0743   5.209408    34.1983    22.7175 0.0000e+00     3.0000
     71.000    25.0719   5.209358    34.1994    22.7192 0.0000e+00     4.0000
     72.000    25.0715   5.209333    34.1992    22.7192 0.0000e+00     4.0000
     73.000    25.0764   5.209900    34.1994    22.7179 0.0000e+00     4.0000
     74.000    25.0792   5.210091    34.1984    22.7164 0.0000e+00     4.0000
     75.000    25.0763   5.209285    34.1943    22.7142 0.0000e+00     4.0000
     76.000    25.0694   5.208735    34.1951    22.7170 0.0000e+00     4.0000
     77.000    25.0677   5.208465    34.1941    22.7169 0.0000e+00     4.0000
     78.000    25.0629   5.208025    34.1942    22.7184 0.0000e+00     5.0000
     79.000    25.0532   5.207073    34.1942    22.7214 0.0000e+00     5.0000
     80.000    25.0459   5.206578    34.1957    22.7249 0.0000e+00     5.0000
     81.000    25.0448   5.206526    34.1959    22.7254 0.0000e+00     4.0000
     82.000    25.0438   5.206474    34.1959    22.7258 0.0000e+00     4.0000
     83.000    25.0442   5.206517    34.1957    22.7255 0.0000e+00     4.0000
     84.000    25.0358   5.205664    34.1954    22.7279 0.0000e+00     3.0000
     85.000    25.0308   5.205442    34.1972    22.7309 0.0000e+00     3.0000
     86.000    25.0203   5.204223    34.1959    22.7331 0.0000e+00     3.0000
     87.000    25.0148   5.203965    34.1978    22.7363 0.0000e+00     4.0000
     88.000    25.0166   5.204208    34.1979    22.7359 0.0000e+00     6.0000
     89.000    24.9929   5.201533    34.1958    22.7415 0.0000e+00     6.0000
     90.000    24.9351   5.196373    34.2010    22.7631 0.0000e+00     4.0000
     91.000    24.9209   5.195456    34.2047    22.7702 0.0000e+00     3.0000
     92.000    24.8705   5.189082    34.1954    22.7784 0.0000e+00     4.0000
     93.000    24.7317   5.176902    34.2100    22.8313 0.0000e+00     4.0000
     94.000    24.6560   5.168785    34.2069    22.8518 0.0000e+00     3.0000
     95.000    24.5161   5.156711    34.2231    22.9060 0.0000e+00     4.0000
     96.000    24.3685   5.137398    34.1911    22.9259 0.0000e+00     3.0000
     97.000    23.8502   5.089310    34.2264    23.1059 0.0000e+00     5.0000
     98.000    23.2607   5.035758    34.2748    23.3143 0.0000e+00     5.0000
     99.000    22.9158   5.006493    34.3187    23.4469 0.0000e+00     5.0000
    100.000    22.7763   4.992959    34.3232    23.4902 0.0000e+00     4.0000
    101.000    22.6598   4.981494    34.3256    23.5253 0.0000e+00     4.0000
    102.000    22.4777   4.963298    34.3274    23.5783 0.0000e+00     3.0000
    103.000    22.3760   4.956366    34.3533    23.6267 0.0000e+00     5.0000
    104.000    22.2841   4.946737    34.3504    23.6505 0.0000e+00     3.0000
    105.000    22.1235   4.929557    34.3429    23.6899 0.0000e+00     4.0000
    106.000    21.7436   4.883202    34.2798    23.7477 0.0000e+00     3.0000
    107.000    21.0788   4.827793    34.3710    23.9993 0.0000e+00     4.0000
    108.000    20.9324   4.819529    34.4225    24.0782 0.0000e+00     4.0000
    109.000    20.7580   4.799047    34.3986    24.1070 0.0000e+00     5.0000
    110.000    20.4967   4.775345    34.4188    24.1924 0.0000e+00     4.0000
    111.000    20.1826   4.740197    34.3888    24.2529 0.0000e+00     3.0000
    112.000    19.7694   4.703084    34.4231    24.3874 0.0000e+00     4.0000
    113.000    19.4403   4.673045    34.4461    24.4903 0.0000e+00     4.0000
    114.000    19.2889   4.659930    34.4623    24.5417 0.0000e+00     6.0000
    115.000    18.9061   4.620403    34.4505    24.6302 0.0000e+00     6.0000
    116.000    18.5055   4.579084    34.4375    24.7210 0.0000e+00     4.0000
