CTD/CNV/C25.CNV
* Sea-Bird SBE 9 Raw Data File:
* FileName = D:\SS4249\CR1267\C25.DAT
* Software Version 4.249
* Temperature SN = 1572
* Conductivity SN = 1344
* Number of Bytes Per Scan = 38
* Number of Voltage Words = 5
* Number of Scans Averaged by the Deck Unit = 4
* NMEA Latitude = 21 54.21 N
* NMEA Longitude = 120 46.37 E
* NMEA UTC (Time) = Dec 26 2007  09:42:05
** Ship:      OR3
** Cruise:    1267
** Station:   C25
** Latitude:  21-54.230
** Longitude: 120-46.379
** 120M
# nquan = 7
# nvalues = 115                         
# units = metric
# name 0 = pr: pressure [db]
# name 1 = t090: temperature, ITS-90 [deg C]
# name 2 = c0S/m: conductivity [S/m]
# name 3 = sal00: salinity, PSS-78 [PSU]
# name 4 = sigma-é00: density, sigma-theta [kg/m^3]
# name 5 = flag:  0.000e+00
# name 6 = nbin: number of scans per bin
# span 0 = 2.000, 116.000                         
# span 1 = 18.1231, 26.1462                       
# span 2 = 4.534358, 5.308574                     
# span 3 = 34.0456, 34.4623                       
# span 4 = 22.2735, 24.7715                       
# span 5 = 0.0000e+00, 0.0000e+00                 
# span 6 = 3.0000, 12.0000                        
# interval = decibars: 1                                
# start_time = Dec 26 2007 09:42:05
# bad_flag = -9.990e-29
*END*
      2.000    26.1291   5.293754    34.0456    22.2735 0.0000e+00     6.0000
      3.000    26.1394   5.305513    34.1227    22.3284 0.0000e+00     6.0000
      4.000    26.1378   5.306890    34.1335    22.3372 0.0000e+00     4.0000
      5.000    26.1388   5.306276    34.1281    22.3328 0.0000e+00     8.0000
      6.000    26.1456   5.306807    34.1265    22.3296 0.0000e+00     9.0000
      7.000    26.1436   5.307396    34.1320    22.3344 0.0000e+00     7.0000
      8.000    26.1428   5.307762    34.1349    22.3369 0.0000e+00     5.0000
      9.000    26.1443   5.308385    34.1380    22.3389 0.0000e+00     4.0000
     10.000    26.1457   5.308574    34.1380    22.3385 0.0000e+00     5.0000
     11.000    26.1462   5.306924    34.1254    22.3289 0.0000e+00    10.0000
     12.000    26.1454   5.306360    34.1216    22.3264 0.0000e+00     5.0000
     13.000    26.1096   5.305922    34.1448    22.3551 0.0000e+00     5.0000
     14.000    26.0754   5.302962    34.1485    22.3686 0.0000e+00     5.0000
     15.000    26.0677   5.302063    34.1474    22.3702 0.0000e+00     7.0000
     16.000    26.0591   5.301581    34.1500    22.3749 0.0000e+00     6.0000
     17.000    26.0370   5.299961    34.1544    22.3852 0.0000e+00     5.0000
     18.000    26.0370   5.299996    34.1544    22.3852 0.0000e+00    12.0000
     19.000    26.0097   5.298760    34.1655    22.4021 0.0000e+00     5.0000
     20.000    25.9831   5.296059    34.1654    22.4104 0.0000e+00     4.0000
     21.000    25.9462   5.293234    34.1721    22.4270 0.0000e+00     3.0000
     22.000    25.9275   5.292228    34.1785    22.4377 0.0000e+00     6.0000
     23.000    25.8906   5.293172    34.2126    22.4749 0.0000e+00     9.0000
     24.000    25.8771   5.290141    34.2003    22.4699 0.0000e+00     6.0000
     25.000    25.8380   5.284701    34.1897    22.4741 0.0000e+00     5.0000
     26.000    25.7841   5.283158    34.2185    22.5125 0.0000e+00     8.0000
     27.000    25.6942   5.280199    34.2640    22.5747 0.0000e+00     6.0000
     28.000    25.5279   5.254711    34.2024    22.5794 0.0000e+00     5.0000
     29.000    25.4980   5.253209    34.2135    22.5971 0.0000e+00     8.0000
     30.000    25.5016   5.258423    34.2487    22.6226 0.0000e+00     7.0000
     31.000    25.5141   5.251402    34.1876    22.5727 0.0000e+00     5.0000
     32.000    25.5110   5.249574    34.1763    22.5651 0.0000e+00     4.0000
     33.000    25.5065   5.249503    34.1788    22.5685 0.0000e+00     6.0000
     34.000    25.4761   5.248395    34.1932    22.5888 0.0000e+00     6.0000
     35.000    25.4133   5.243108    34.2014    22.6143 0.0000e+00     6.0000
     36.000    25.3756   5.242336    34.2238    22.6428 0.0000e+00     9.0000
     37.000    25.3676   5.242025    34.2272    22.6479 0.0000e+00     8.0000
     38.000    25.2788   5.225902    34.1754    22.6359 0.0000e+00     6.0000
     39.000    25.2549   5.223895    34.1783    22.6455 0.0000e+00     5.0000
     40.000    25.2451   5.222830    34.1776    22.6480 0.0000e+00     5.0000
     41.000    25.2452   5.222971    34.1782    22.6485 0.0000e+00     6.0000
     42.000    25.2513   5.223578    34.1778    22.6464 0.0000e+00     6.0000
     43.000    25.2552   5.224061    34.1781    22.6455 0.0000e+00     6.0000
     44.000    25.2595   5.224485    34.1776    22.6439 0.0000e+00     6.0000
     45.000    25.2558   5.224251    34.1784    22.6457 0.0000e+00     8.0000
     46.000    25.2646   5.225021    34.1771    22.6421 0.0000e+00     5.0000
     47.000    25.2661   5.225276    34.1776    22.6420 0.0000e+00     7.0000
     48.000    25.2656   5.225309    34.1779    22.6425 0.0000e+00     9.0000
     49.000    25.2658   5.225330    34.1776    22.6423 0.0000e+00     5.0000
     50.000    25.2685   5.225860    34.1791    22.6427 0.0000e+00     5.0000
     51.000    25.2548   5.224201    34.1769    22.6453 0.0000e+00     6.0000
     52.000    25.2420   5.223300    34.1796    22.6513 0.0000e+00     8.0000
     53.000    25.2410   5.223261    34.1798    22.6518 0.0000e+00     6.0000
     54.000    25.2455   5.223806    34.1801    22.6507 0.0000e+00     5.0000
     55.000    25.2412   5.223440    34.1803    22.6523 0.0000e+00     6.0000
     56.000    25.2339   5.222963    34.1820    22.6558 0.0000e+00     5.0000
     57.000    25.2352   5.223053    34.1814    22.6550 0.0000e+00     7.0000
     58.000    25.2218   5.221689    34.1812    22.6590 0.0000e+00     9.0000
     59.000    25.2136   5.221135    34.1830    22.6629 0.0000e+00     6.0000
     60.000    25.2090   5.220594    34.1821    22.6637 0.0000e+00     7.0000
     61.000    25.2025   5.220071    34.1829    22.6664 0.0000e+00     6.0000
     62.000    25.2014   5.219998    34.1829    22.6667 0.0000e+00     6.0000
     63.000    25.2001   5.219921    34.1830    22.6673 0.0000e+00     7.0000
     64.000    25.1971   5.219728    34.1835    22.6687 0.0000e+00     6.0000
     65.000    25.2041   5.220431    34.1831    22.6663 0.0000e+00     5.0000
     66.000    25.2027   5.220230    34.1823    22.6662 0.0000e+00     5.0000
     67.000    25.2049   5.220586    34.1830    22.6661 0.0000e+00     6.0000
     68.000    25.2067   5.220828    34.1831    22.6657 0.0000e+00     7.0000
     69.000    25.2037   5.220611    34.1835    22.6670 0.0000e+00     8.0000
     70.000    25.1961   5.219997    34.1844    22.6700 0.0000e+00     8.0000
     71.000    25.1917   5.219568    34.1842    22.6713 0.0000e+00     7.0000
     72.000    25.1843   5.219025    34.1855    22.6746 0.0000e+00     6.0000
     73.000    25.1856   5.219217    34.1856    22.6744 0.0000e+00     6.0000
     74.000    25.1862   5.219346    34.1858    22.6744 0.0000e+00     5.0000
     75.000    25.1833   5.219008    34.1852    22.6749 0.0000e+00     5.0000
     76.000    25.1815   5.218876    34.1853    22.6756 0.0000e+00     5.0000
     77.000    25.1783   5.218542    34.1849    22.6763 0.0000e+00     5.0000
     78.000    25.1801   5.218812    34.1852    22.6761 0.0000e+00     8.0000
     79.000    25.1825   5.219017    34.1846    22.6750 0.0000e+00    12.0000
     80.000    25.1834   5.219137    34.1845    22.6747 0.0000e+00     6.0000
     81.000    25.1831   5.219204    34.1849    22.6751 0.0000e+00     4.0000
     82.000    25.1856   5.219453    34.1846    22.6742 0.0000e+00     5.0000
     83.000    25.1915   5.220015    34.1840    22.6720 0.0000e+00     6.0000
     84.000    25.1874   5.219549    34.1833    22.6728 0.0000e+00     7.0000
     85.000    25.1761   5.218315    34.1824    22.6756 0.0000e+00     6.0000
     86.000    25.0668   5.207566    34.1854    22.7111 0.0000e+00     6.0000
     87.000    24.8799   5.189053    34.1896    22.7709 0.0000e+00     6.0000
     88.000    24.7601   5.179509    34.2094    22.8220 0.0000e+00     5.0000
     89.000    24.5944   5.162147    34.2059    22.8692 0.0000e+00     7.0000
     90.000    24.3638   5.142054    34.2314    22.9574 0.0000e+00     9.0000
     91.000    24.1846   5.124164    34.2341    23.0127 0.0000e+00     7.0000
     92.000    23.9504   5.102145    34.2478    23.0923 0.0000e+00     6.0000
     93.000    23.7959   5.087578    34.2563    23.1442 0.0000e+00     5.0000
     94.000    23.6590   5.075423    34.2696    23.1944 0.0000e+00     4.0000
     95.000    23.5558   5.066782    34.2834    23.2351 0.0000e+00     4.0000
     96.000    23.5273   5.064624    34.2888    23.2475 0.0000e+00     9.0000
     97.000    23.4772   5.060025    34.2922    23.2647 0.0000e+00     7.0000
     98.000    23.3724   5.049830    34.2955    23.2977 0.0000e+00     5.0000
     99.000    23.2548   5.039401    34.3069    23.3404 0.0000e+00     5.0000
    100.000    23.2063   5.035673    34.3158    23.3612 0.0000e+00    10.0000
    101.000    23.1672   5.031981    34.3176    23.3740 0.0000e+00     6.0000
    102.000    23.0521   5.019651    34.3125    23.4032 0.0000e+00     4.0000
    103.000    22.7539   4.989344    34.3119    23.4882 0.0000e+00     5.0000
    104.000    22.3278   4.951309    34.3516    23.6391 0.0000e+00     7.0000
    105.000    22.1314   4.934141    34.3725    23.7101 0.0000e+00     6.0000
    106.000    21.9656   4.916581    34.3660    23.7516 0.0000e+00     6.0000
    107.000    21.5854   4.880500    34.3841    23.8707 0.0000e+00     8.0000
    108.000    21.1885   4.842889    34.4030    23.9939 0.0000e+00     6.0000
    109.000    20.8578   4.810704    34.4116    24.0901 0.0000e+00     4.0000
    110.000    20.7369   4.801653    34.4362    24.1414 0.0000e+00     6.0000
    111.000    20.5391   4.781577    34.4344    24.1930 0.0000e+00     9.0000
    112.000    20.1125   4.737236    34.4215    24.2964 0.0000e+00     5.0000
    113.000    19.2386   4.647990    34.4052    24.5109 0.0000e+00     5.0000
    114.000    18.8884   4.620015    34.4623    24.6437 0.0000e+00     6.0000
    115.000    18.7678   4.606675    34.4508    24.6653 0.0000e+00     6.0000
    116.000    18.1231   4.534358    34.3796    24.7715 0.0000e+00     4.0000
