CTD/CNV/C26.CNV
* Sea-Bird SBE 9 Raw Data File:
* FileName = D:\SS4249\CR1267\C26.DAT
* Software Version 4.249
* Temperature SN = 1572
* Conductivity SN = 1344
* Number of Bytes Per Scan = 38
* Number of Voltage Words = 5
* Number of Scans Averaged by the Deck Unit = 4
* NMEA Latitude = 21 54.25 N
* NMEA Longitude = 120 46.38 E
* NMEA UTC (Time) = Dec 26 2007  10:50:19
** Ship:      OR3
** Cruise:    1267
** Station:   C26
** Latitude:  21-54.232
** Longitude: 120-46.435
** 120M
# nquan = 7
# nvalues = 115                         
# units = metric
# name 0 = pr: pressure [db]
# name 1 = t090: temperature, ITS-90 [deg C]
# name 2 = c0S/m: conductivity [S/m]
# name 3 = sal00: salinity, PSS-78 [PSU]
# name 4 = sigma-é00: density, sigma-theta [kg/m^3]
# name 5 = flag:  0.000e+00
# name 6 = nbin: number of scans per bin
# span 0 = 2.000, 116.000                         
# span 1 = 20.8582, 26.0837                       
# span 2 = 4.816298, 5.303531                     
# span 3 = 34.0084, 34.4538                       
# span 4 = 22.2656, 24.1224                       
# span 5 = 0.0000e+00, 0.0000e+00                 
# span 6 = 2.0000, 8.0000                         
# interval = decibars: 1                                
# start_time = Dec 26 2007 10:50:19
# bad_flag = -9.990e-29
*END*
      2.000    26.0640   5.281934    34.0084    22.2656 0.0000e+00     3.0000
      3.000    26.0700   5.301444    34.1449    22.3668 0.0000e+00     3.0000
      4.000    26.0643   5.293129    34.0886    22.3262 0.0000e+00     7.0000
      5.000    26.0669   5.296513    34.1109    22.3422 0.0000e+00     5.0000
      6.000    26.0681   5.299475    34.1311    22.3572 0.0000e+00     4.0000
      7.000    26.0666   5.299791    34.1342    22.3601 0.0000e+00     4.0000
      8.000    26.0665   5.299353    34.1308    22.3576 0.0000e+00     5.0000
      9.000    26.0663   5.299595    34.1324    22.3589 0.0000e+00     5.0000
     10.000    26.0698   5.300156    34.1336    22.3588 0.0000e+00     4.0000
     11.000    26.0837   5.301518    34.1328    22.3539 0.0000e+00     5.0000
     12.000    26.0805   5.300371    34.1266    22.3503 0.0000e+00     7.0000
     13.000    26.0783   5.300788    34.1309    22.3543 0.0000e+00     7.0000
     14.000    26.0797   5.301949    34.1380    22.3593 0.0000e+00     4.0000
     15.000    26.0791   5.302636    34.1431    22.3634 0.0000e+00     4.0000
     16.000    26.0778   5.302709    34.1443    22.3648 0.0000e+00     3.0000
     17.000    26.0783   5.302891    34.1449    22.3652 0.0000e+00     3.0000
     18.000    26.0791   5.303531    34.1487    22.3678 0.0000e+00     3.0000
     19.000    26.0707   5.303246    34.1525    22.3734 0.0000e+00     5.0000
     20.000    26.0567   5.302045    34.1540    22.3789 0.0000e+00     5.0000
     21.000    26.0484   5.301338    34.1547    22.3821 0.0000e+00     5.0000
     22.000    26.0492   5.301151    34.1525    22.3803 0.0000e+00     4.0000
     23.000    26.0653   5.302065    34.1468    22.3711 0.0000e+00     6.0000
     24.000    26.0624   5.302518    34.1519    22.3759 0.0000e+00     5.0000
     25.000    26.0634   5.303142    34.1554    22.3783 0.0000e+00     3.0000
     26.000    25.9837   5.297194    34.1714    22.4152 0.0000e+00     4.0000
     27.000    25.8700   5.287129    34.1828    22.4591 0.0000e+00     4.0000
     28.000    25.7592   5.283088    34.2360    22.5336 0.0000e+00     7.0000
     29.000    25.7027   5.274238    34.2136    22.5341 0.0000e+00     4.0000
     30.000    25.6805   5.267260    34.1790    22.5150 0.0000e+00     4.0000
     31.000    25.6694   5.265612    34.1750    22.5154 0.0000e+00     3.0000
     32.000    25.6057   5.260384    34.1842    22.5421 0.0000e+00     4.0000
     33.000    25.5456   5.255551    34.1937    22.5678 0.0000e+00     6.0000
     34.000    25.5132   5.252265    34.1937    22.5778 0.0000e+00     5.0000
     35.000    25.4968   5.248406    34.1774    22.5706 0.0000e+00     5.0000
     36.000    25.4713   5.245277    34.1734    22.5754 0.0000e+00     4.0000
     37.000    25.4482   5.242814    34.1724    22.5818 0.0000e+00     4.0000
     38.000    25.4348   5.241837    34.1750    22.5879 0.0000e+00     5.0000
     39.000    25.4325   5.242100    34.1783    22.5912 0.0000e+00     5.0000
     40.000    25.4315   5.241390    34.1736    22.5880 0.0000e+00     5.0000
     41.000    25.4290   5.240463    34.1683    22.5849 0.0000e+00     3.0000
     42.000    25.4252   5.240005    34.1675    22.5855 0.0000e+00     4.0000
     43.000    25.4200   5.239790    34.1696    22.5887 0.0000e+00     4.0000
     44.000    25.4071   5.239849    34.1794    22.6001 0.0000e+00     6.0000
     45.000    25.3812   5.237883    34.1841    22.6117 0.0000e+00     5.0000
     46.000    25.3655   5.234881    34.1736    22.6086 0.0000e+00     4.0000
     47.000    25.3642   5.234322    34.1702    22.6065 0.0000e+00     3.0000
     48.000    25.3583   5.234239    34.1737    22.6110 0.0000e+00     5.0000
     49.000    25.3513   5.235657    34.1891    22.6248 0.0000e+00     8.0000
     50.000    25.3502   5.235133    34.1857    22.6227 0.0000e+00     5.0000
     51.000    25.3447   5.232265    34.1685    22.6115 0.0000e+00     3.0000
     52.000    25.3428   5.231964    34.1674    22.6113 0.0000e+00     3.0000
     53.000    25.3419   5.231814    34.1667    22.6111 0.0000e+00     4.0000
     54.000    25.3433   5.232045    34.1670    22.6110 0.0000e+00     3.0000
     55.000    25.3426   5.232236    34.1686    22.6125 0.0000e+00     5.0000
     56.000    25.3428   5.232215    34.1680    22.6120 0.0000e+00     5.0000
     57.000    25.3441   5.232295    34.1673    22.6112 0.0000e+00     4.0000
     58.000    25.3455   5.232261    34.1657    22.6096 0.0000e+00     4.0000
     59.000    25.3486   5.232547    34.1652    22.6083 0.0000e+00     7.0000
     60.000    25.3476   5.232502    34.1653    22.6088 0.0000e+00     7.0000
     61.000    25.3496   5.232738    34.1652    22.6082 0.0000e+00     5.0000
     62.000    25.3451   5.232199    34.1643    22.6089 0.0000e+00     3.0000
     63.000    25.3397   5.231601    34.1637    22.6102 0.0000e+00     3.0000
     64.000    25.3335   5.231322    34.1660    22.6139 0.0000e+00     3.0000
     65.000    25.3172   5.229324    34.1633    22.6169 0.0000e+00     4.0000
     66.000    25.3008   5.228112    34.1664    22.6243 0.0000e+00     5.0000
     67.000    25.2912   5.227234    34.1669    22.6277 0.0000e+00     4.0000
     68.000    25.2912   5.227179    34.1662    22.6272 0.0000e+00     4.0000
     69.000    25.2787   5.225934    34.1661    22.6310 0.0000e+00     4.0000
     70.000    25.2573   5.223471    34.1638    22.6359 0.0000e+00     4.0000
     71.000    25.0936   5.207543    34.1696    22.6901 0.0000e+00     6.0000
     72.000    24.9149   5.191691    34.1873    22.7576 0.0000e+00     8.0000
     73.000    24.7734   5.177860    34.1917    22.8037 0.0000e+00     5.0000
     74.000    24.5318   5.152410    34.1857    22.8716 0.0000e+00     3.0000
     75.000    24.2123   5.123051    34.2096    22.9849 0.0000e+00     4.0000
     76.000    24.0313   5.110132    34.2509    23.0698 0.0000e+00     3.0000
     77.000    23.9806   5.105241    34.2527    23.0862 0.0000e+00     4.0000
     78.000    23.8982   5.096802    34.2521    23.1100 0.0000e+00     3.0000
     79.000    23.8231   5.090339    34.2607    23.1387 0.0000e+00     3.0000
     80.000    23.7288   5.080590    34.2593    23.1654 0.0000e+00     4.0000
     81.000    23.5116   5.060423    34.2738    23.2398 0.0000e+00     4.0000
     82.000    23.3211   5.044171    34.2973    23.3130 0.0000e+00     7.0000
     83.000    23.2731   5.040208    34.3040    23.3320 0.0000e+00     5.0000
     84.000    23.2317   5.036136    34.3047    23.3446 0.0000e+00     5.0000
     85.000    23.1698   5.030804    34.3118    23.3678 0.0000e+00     6.0000
     86.000    23.1192   5.025766    34.3123    23.3828 0.0000e+00     6.0000
     87.000    23.0143   5.015664    34.3162    23.4161 0.0000e+00     3.0000
     88.000    22.9679   5.012015    34.3241    23.4354 0.0000e+00     3.0000
     89.000    22.9525   5.010669    34.3254    23.4409 0.0000e+00     3.0000
     90.000    22.9363   5.009333    34.3275    23.4472 0.0000e+00     4.0000
     91.000    22.9172   5.007576    34.3286    23.4535 0.0000e+00     5.0000
     92.000    22.8984   5.006093    34.3315    23.4612 0.0000e+00     4.0000
     93.000    22.8907   5.005438    34.3322    23.4640 0.0000e+00     4.0000
     94.000    22.8875   5.005230    34.3328    23.4654 0.0000e+00     3.0000
     95.000    22.8740   5.003535    34.3299    23.4671 0.0000e+00     4.0000
     96.000    22.8075   4.997832    34.3377    23.4921 0.0000e+00     6.0000
     97.000    22.7882   4.996497    34.3422    23.5011 0.0000e+00     7.0000
     98.000    22.7715   4.994778    34.3417    23.5055 0.0000e+00     5.0000
     99.000    22.7355   4.991649    34.3454    23.5186 0.0000e+00     5.0000
    100.000    22.7018   4.987968    34.3431    23.5265 0.0000e+00     4.0000
    101.000    22.5939   4.977828    34.3490    23.5617 0.0000e+00     5.0000
    102.000    22.5669   4.975822    34.3544    23.5735 0.0000e+00     4.0000
    103.000    22.4945   4.967165    34.3438    23.5861 0.0000e+00     3.0000
    104.000    22.3812   4.955670    34.3434    23.6178 0.0000e+00     3.0000
    105.000    22.2487   4.943915    34.3561    23.6648 0.0000e+00     3.0000
    106.000    22.1866   4.938884    34.3655    23.6895 0.0000e+00     4.0000
    107.000    22.0856   4.929296    34.3702    23.7213 0.0000e+00     5.0000
    108.000    21.9994   4.922072    34.3816    23.7541 0.0000e+00     6.0000
    109.000    21.8962   4.910396    34.3716    23.7753 0.0000e+00     4.0000
    110.000    21.7624   4.898789    34.3863    23.8237 0.0000e+00     5.0000
    111.000    21.6393   4.887717    34.3968    23.8657 0.0000e+00     5.0000
    112.000    21.5678   4.881430    34.4038    23.8908 0.0000e+00     6.0000
    113.000    21.5342   4.878494    34.4071    23.9026 0.0000e+00     4.0000
    114.000    21.4660   4.869430    34.3895    23.9081 0.0000e+00     4.0000
    115.000    21.1300   4.834664    34.3820    23.9942 0.0000e+00     4.0000
    116.000    20.8582   4.816298    34.4538    24.1224 0.0000e+00     2.0000
