CTD/CNV/C27.CNV
* Sea-Bird SBE 9 Raw Data File:
* FileName = D:\SS4249\CR1267\C27.DAT
* Software Version 4.249
* Temperature SN = 1572
* Conductivity SN = 1344
* Number of Bytes Per Scan = 38
* Number of Voltage Words = 5
* Number of Scans Averaged by the Deck Unit = 4
* NMEA Latitude = 21 54.29 N
* NMEA Longitude = 120 46.27 E
* NMEA UTC (Time) = Dec 26 2007  11:46:25
** Ship:      OR3
** Cruise:    1267
** Station:   C27
** Latitude:  21-54.282
** Longitude: 120-46.356
** 118M
# nquan = 7
# nvalues = 108                         
# units = metric
# name 0 = pr: pressure [db]
# name 1 = t090: temperature, ITS-90 [deg C]
# name 2 = c0S/m: conductivity [S/m]
# name 3 = sal00: salinity, PSS-78 [PSU]
# name 4 = sigma-é00: density, sigma-theta [kg/m^3]
# name 5 = flag:  0.000e+00
# name 6 = nbin: number of scans per bin
# span 0 = 3.000, 110.000                         
# span 1 = 21.8086, 25.9499                       
# span 2 = 4.901355, 5.288297                     
# span 3 = 34.1038, 34.3698                       
# span 4 = 22.3771, 23.7983                       
# span 5 = 0.0000e+00, 0.0000e+00                 
# span 6 = 3.0000, 10.0000                        
# interval = decibars: 1                                
# start_time = Dec 26 2007 11:46:25
# bad_flag = -9.990e-29
*END*
      3.000    25.9370   5.282117    34.1038    22.3771 0.0000e+00     5.0000
      4.000    25.9430   5.284669    34.1175    22.3857 0.0000e+00     5.0000
      5.000    25.9499   5.285610    34.1189    22.3846 0.0000e+00     5.0000
      6.000    25.9474   5.285609    34.1205    22.3866 0.0000e+00     7.0000
      7.000    25.9422   5.285565    34.1237    22.3908 0.0000e+00     4.0000
      8.000    25.9411   5.285895    34.1266    22.3934 0.0000e+00     3.0000
      9.000    25.9393   5.285697    34.1262    22.3937 0.0000e+00     4.0000
     10.000    25.9397   5.284564    34.1174    22.3870 0.0000e+00    10.0000
     11.000    25.9385   5.285761    34.1267    22.3944 0.0000e+00     5.0000
     12.000    25.9406   5.286510    34.1302    22.3965 0.0000e+00     3.0000
     13.000    25.9391   5.286476    34.1308    22.3975 0.0000e+00     3.0000
     14.000    25.9407   5.286600    34.1302    22.3966 0.0000e+00     5.0000
     15.000    25.9422   5.286789    34.1302    22.3962 0.0000e+00     6.0000
     16.000    25.9447   5.287923    34.1362    22.4001 0.0000e+00     4.0000
     17.000    25.9433   5.288297    34.1397    22.4032 0.0000e+00     3.0000
     18.000    25.9352   5.287548    34.1400    22.4060 0.0000e+00     4.0000
     19.000    25.9244   5.286722    34.1417    22.4107 0.0000e+00     6.0000
     20.000    25.9329   5.287590    34.1414    22.4079 0.0000e+00     6.0000
     21.000    25.9416   5.288142    34.1386    22.4032 0.0000e+00     4.0000
     22.000    25.9320   5.287469    34.1406    22.4077 0.0000e+00     4.0000
     23.000    25.9267   5.287001    34.1408    22.4096 0.0000e+00     6.0000
     24.000    25.9110   5.285607    34.1421    22.4155 0.0000e+00     7.0000
     25.000    25.8799   5.283233    34.1477    22.4295 0.0000e+00     4.0000
     26.000    25.8633   5.281890    34.1501    22.4364 0.0000e+00     3.0000
     27.000    25.8357   5.279866    34.1557    22.4492 0.0000e+00     3.0000
     28.000    25.8625   5.282615    34.1553    22.4408 0.0000e+00     4.0000
     29.000    25.8622   5.281740    34.1489    22.4361 0.0000e+00     4.0000
     30.000    25.7992   5.277300    34.1633    22.4665 0.0000e+00     6.0000
     31.000    25.8025   5.277710    34.1636    22.4657 0.0000e+00     5.0000
     32.000    25.8059   5.277929    34.1623    22.4638 0.0000e+00     5.0000
     33.000    25.8086   5.278246    34.1623    22.4630 0.0000e+00     5.0000
     34.000    25.8193   5.279143    34.1605    22.4585 0.0000e+00     5.0000
     35.000    25.8035   5.277384    34.1592    22.4624 0.0000e+00     4.0000
     36.000    25.7655   5.274239    34.1644    22.4782 0.0000e+00     4.0000
     37.000    25.7023   5.266441    34.1546    22.4903 0.0000e+00     3.0000
     38.000    25.6523   5.261926    34.1587    22.5089 0.0000e+00     4.0000
     39.000    25.6401   5.261295    34.1630    22.5159 0.0000e+00     7.0000
     40.000    25.6365   5.261485    34.1667    22.5200 0.0000e+00     7.0000
     41.000    25.6197   5.259651    34.1656    22.5244 0.0000e+00     4.0000
     42.000    25.5766   5.255195    34.1651    22.5372 0.0000e+00     4.0000
     43.000    25.5388   5.251971    34.1696    22.5523 0.0000e+00     4.0000
     44.000    25.5293   5.251225    34.1709    22.5563 0.0000e+00     4.0000
     45.000    25.5212   5.250022    34.1679    22.5566 0.0000e+00     4.0000
     46.000    25.4845   5.245482    34.1619    22.5634 0.0000e+00     4.0000
     47.000    25.4619   5.243448    34.1637    22.5717 0.0000e+00     3.0000
     48.000    25.4394   5.241228    34.1640    22.5789 0.0000e+00     4.0000
     49.000    25.3959   5.237242    34.1671    22.5947 0.0000e+00     5.0000
     50.000    25.3425   5.232446    34.1718    22.6146 0.0000e+00     5.0000
     51.000    25.3074   5.229555    34.1767    22.6290 0.0000e+00     6.0000
     52.000    25.2967   5.228638    34.1777    22.6331 0.0000e+00     6.0000
     53.000    25.2870   5.227815    34.1786    22.6369 0.0000e+00     5.0000
     54.000    25.2849   5.227707    34.1791    22.6379 0.0000e+00     5.0000
     55.000    25.2825   5.227500    34.1791    22.6387 0.0000e+00     3.0000
     56.000    25.2822   5.227503    34.1790    22.6388 0.0000e+00     4.0000
     57.000    25.2800   5.227155    34.1778    22.6387 0.0000e+00     3.0000
     58.000    25.2777   5.226779    34.1765    22.6384 0.0000e+00     4.0000
     59.000    25.2779   5.226962    34.1774    22.6391 0.0000e+00     5.0000
     60.000    25.2777   5.226975    34.1773    22.6392 0.0000e+00     5.0000
     61.000    25.2736   5.226409    34.1759    22.6394 0.0000e+00     4.0000
     62.000    25.2502   5.223485    34.1717    22.6435 0.0000e+00     5.0000
     63.000    25.2080   5.219461    34.1736    22.6578 0.0000e+00     6.0000
     64.000    25.1964   5.218538    34.1753    22.6627 0.0000e+00     4.0000
     65.000    25.1824   5.217315    34.1765    22.6679 0.0000e+00     4.0000
     66.000    25.1677   5.215991    34.1775    22.6732 0.0000e+00     3.0000
     67.000    25.1487   5.214268    34.1789    22.6801 0.0000e+00     4.0000
     68.000    25.0885   5.208039    34.1781    22.6978 0.0000e+00     4.0000
     69.000    25.0139   5.202467    34.1930    22.7318 0.0000e+00     6.0000
     70.000    24.9990   5.200921    34.1925    22.7360 0.0000e+00     4.0000
     71.000    24.9201   5.192751    34.1915    22.7592 0.0000e+00     4.0000
     72.000    24.7723   5.178281    34.1960    22.8072 0.0000e+00     4.0000
     73.000    24.6392   5.167794    34.2188    22.8645 0.0000e+00     4.0000
     74.000    24.6165   5.166192    34.2239    22.8752 0.0000e+00     6.0000
     75.000    24.5803   5.162076    34.2205    22.8835 0.0000e+00     4.0000
     76.000    24.4680   5.151302    34.2254    22.9209 0.0000e+00     4.0000
     77.000    24.4341   5.148850    34.2326    22.9365 0.0000e+00     3.0000
     78.000    24.4104   5.146364    34.2318    22.9430 0.0000e+00     3.0000
     79.000    24.3998   5.145955    34.2365    22.9498 0.0000e+00     4.0000
     80.000    24.3981   5.145546    34.2345    22.9488 0.0000e+00     4.0000
     81.000    24.3898   5.144584    34.2333    22.9505 0.0000e+00     5.0000
     82.000    24.3744   5.142853    34.2318    22.9540 0.0000e+00     5.0000
     83.000    24.3657   5.142480    34.2353    22.9593 0.0000e+00     4.0000
     84.000    24.3565   5.140543    34.2276    22.9563 0.0000e+00     4.0000
     85.000    24.2171   5.126378    34.2277    22.9979 0.0000e+00     5.0000
     86.000    24.0754   5.114915    34.2499    23.0566 0.0000e+00     4.0000
     87.000    23.8909   5.099107    34.2722    23.1280 0.0000e+00     5.0000
     88.000    23.7847   5.091474    34.2961    23.1773 0.0000e+00     4.0000
     89.000    23.7459   5.087414    34.2949    23.1879 0.0000e+00     4.0000
     90.000    23.6985   5.083470    34.3014    23.2067 0.0000e+00     4.0000
     91.000    23.6633   5.079886    34.3011    23.2168 0.0000e+00     5.0000
     92.000    23.6087   5.075221    34.3076    23.2377 0.0000e+00     4.0000
     93.000    23.5646   5.071978    34.3167    23.2576 0.0000e+00     4.0000
     94.000    23.5167   5.064560    34.2971    23.2568 0.0000e+00     3.0000
     95.000    23.2516   5.039774    34.3135    23.3461 0.0000e+00     4.0000
     96.000    23.1396   5.029338    34.3205    23.3838 0.0000e+00     4.0000
     97.000    23.0911   5.024972    34.3245    23.4009 0.0000e+00     5.0000
     98.000    23.0529   5.023270    34.3409    23.4244 0.0000e+00     4.0000
     99.000    23.0438   5.023407    34.3488    23.4330 0.0000e+00     4.0000
    100.000    23.0344   5.023286    34.3549    23.4403 0.0000e+00     5.0000
    101.000    23.0077   5.020157    34.3514    23.4454 0.0000e+00     5.0000
    102.000    22.9011   5.008225    34.3426    23.4694 0.0000e+00     3.0000
    103.000    22.8009   4.998777    34.3479    23.5021 0.0000e+00     4.0000
    104.000    22.7138   4.990740    34.3538    23.5315 0.0000e+00     4.0000
    105.000    22.5298   4.971800    34.3514    23.5819 0.0000e+00     6.0000
    106.000    22.4202   4.962731    34.3669    23.6248 0.0000e+00     6.0000
    107.000    22.3564   4.956094    34.3653    23.6416 0.0000e+00     4.0000
    108.000    22.2403   4.942038    34.3471    23.6605 0.0000e+00     3.0000
    109.000    22.0148   4.919005    34.3450    23.7221 0.0000e+00     4.0000
    110.000    21.8086   4.901355    34.3698    23.7983 0.0000e+00     3.0000
