CTD/CNV/C28.CNV
* Sea-Bird SBE 9 Raw Data File:
* FileName = D:\SS4249\CR1267\C28.DAT
* Software Version 4.249
* Temperature SN = 1572
* Conductivity SN = 1344
* Number of Bytes Per Scan = 38
* Number of Voltage Words = 5
* Number of Scans Averaged by the Deck Unit = 4
* NMEA Latitude = 21 54.23 N
* NMEA Longitude = 120 46.47 E
* NMEA UTC (Time) = Dec 26 2007  12:43:49
** Ship:      OR3
** Cruise:    1267
** Station:   C28
** Latitude:  21-54.237
** Longitude: 120-46.493
** 121M
# nquan = 7
# nvalues = 115                         
# units = metric
# name 0 = pr: pressure [db]
# name 1 = t090: temperature, ITS-90 [deg C]
# name 2 = c0S/m: conductivity [S/m]
# name 3 = sal00: salinity, PSS-78 [PSU]
# name 4 = sigma-é00: density, sigma-theta [kg/m^3]
# name 5 = flag:  0.000e+00
# name 6 = nbin: number of scans per bin
# span 0 = 2.000, 116.000                         
# span 1 = 21.1994, 25.8413                       
# span 2 = 4.845695, 5.276818                     
# span 3 = 34.0698, 34.4139                       
# span 4 = 22.3862, 23.9996                       
# span 5 = 0.0000e+00, 0.0000e+00                 
# span 6 = 3.0000, 12.0000                        
# interval = decibars: 1                                
# start_time = Dec 26 2007 12:43:49
# bad_flag = -9.990e-29
*END*
      2.000    25.8247   5.265888    34.0698    22.3862 0.0000e+00     4.0000
      3.000    25.8225   5.273452    34.1262    22.4294 0.0000e+00     7.0000
      4.000    25.8283   5.274666    34.1304    22.4309 0.0000e+00    10.0000
      5.000    25.8364   5.275737    34.1318    22.4295 0.0000e+00     5.0000
      6.000    25.8332   5.275119    34.1294    22.4288 0.0000e+00     7.0000
      7.000    25.8350   5.275471    34.1303    22.4290 0.0000e+00     8.0000
      8.000    25.8369   5.275747    34.1306    22.4287 0.0000e+00     7.0000
      9.000    25.8375   5.275852    34.1306    22.4286 0.0000e+00     6.0000
     10.000    25.8377   5.275919    34.1306    22.4286 0.0000e+00     5.0000
     11.000    25.8384   5.275989    34.1303    22.4282 0.0000e+00     4.0000
     12.000    25.8407   5.276328    34.1308    22.4279 0.0000e+00     6.0000
     13.000    25.8413   5.276393    34.1305    22.4276 0.0000e+00     6.0000
     14.000    25.8391   5.276218    34.1306    22.4284 0.0000e+00     5.0000
     15.000    25.8407   5.276695    34.1325    22.4294 0.0000e+00     8.0000
     16.000    25.8401   5.276818    34.1336    22.4305 0.0000e+00     7.0000
     17.000    25.8340   5.276500    34.1355    22.4339 0.0000e+00     5.0000
     18.000    25.8121   5.275346    34.1431    22.4465 0.0000e+00     5.0000
     19.000    25.8072   5.275190    34.1454    22.4497 0.0000e+00     5.0000
     20.000    25.8130   5.275550    34.1433    22.4465 0.0000e+00     5.0000
     21.000    25.7850   5.273598    34.1498    22.4600 0.0000e+00     6.0000
     22.000    25.7741   5.272903    34.1525    22.4656 0.0000e+00     7.0000
     23.000    25.7458   5.270563    34.1563    22.4773 0.0000e+00     5.0000
     24.000    25.6929   5.266625    34.1669    22.5016 0.0000e+00     6.0000
     25.000    25.6664   5.263749    34.1655    22.5088 0.0000e+00     5.0000
     26.000    25.6322   5.259702    34.1612    22.5162 0.0000e+00     6.0000
     27.000    25.5679   5.252321    34.1552    22.5314 0.0000e+00     6.0000
     28.000    25.5467   5.250532    34.1577    22.5399 0.0000e+00     8.0000
     29.000    25.5274   5.248493    34.1570    22.5454 0.0000e+00     7.0000
     30.000    25.5133   5.247165    34.1575    22.5502 0.0000e+00     4.0000
     31.000    25.4996   5.245958    34.1587    22.5553 0.0000e+00     4.0000
     32.000    25.4934   5.245504    34.1597    22.5580 0.0000e+00     5.0000
     33.000    25.4927   5.245524    34.1600    22.5586 0.0000e+00     6.0000
     34.000    25.4850   5.244747    34.1598    22.5609 0.0000e+00     4.0000
     35.000    25.4816   5.244369    34.1593    22.5616 0.0000e+00     8.0000
     36.000    25.4759   5.243682    34.1582    22.5626 0.0000e+00     7.0000
     37.000    25.4631   5.242381    34.1580    22.5664 0.0000e+00     6.0000
     38.000    25.4350   5.240069    34.1619    22.5780 0.0000e+00     8.0000
     39.000    25.4133   5.237977    34.1625    22.5852 0.0000e+00     6.0000
     40.000    25.3757   5.234336    34.1638    22.5977 0.0000e+00     4.0000
     41.000    25.3477   5.231733    34.1654    22.6076 0.0000e+00     4.0000
     42.000    25.3330   5.230521    34.1673    22.6135 0.0000e+00     4.0000
     43.000    25.3173   5.228519    34.1641    22.6160 0.0000e+00     5.0000
     44.000    25.2379   5.220932    34.1678    22.6430 0.0000e+00     5.0000
     45.000    25.2058   5.218721    34.1754    22.6586 0.0000e+00     7.0000
     46.000    25.1869   5.217082    34.1773    22.6659 0.0000e+00     9.0000
     47.000    25.1598   5.214658    34.1795    22.6759 0.0000e+00     7.0000
     48.000    25.1409   5.213074    34.1818    22.6834 0.0000e+00     5.0000
     49.000    25.1303   5.212297    34.1838    22.6882 0.0000e+00     5.0000
     50.000    25.1227   5.211515    34.1834    22.6903 0.0000e+00     4.0000
     51.000    25.0763   5.207078    34.1855    22.7060 0.0000e+00     5.0000
     52.000    25.0510   5.204998    34.1889    22.7163 0.0000e+00     5.0000
     53.000    25.0190   5.202127    34.1916    22.7281 0.0000e+00     6.0000
     54.000    25.0006   5.200557    34.1936    22.7353 0.0000e+00     7.0000
     55.000    24.9800   5.198756    34.1955    22.7431 0.0000e+00     6.0000
     56.000    24.9645   5.197527    34.1979    22.7496 0.0000e+00     6.0000
     57.000    24.9557   5.196628    34.1976    22.7521 0.0000e+00     6.0000
     58.000    24.9382   5.195206    34.2000    22.7593 0.0000e+00     7.0000
     59.000    24.9403   5.195533    34.2005    22.7591 0.0000e+00     6.0000
     60.000    24.9361   5.195056    34.1999    22.7599 0.0000e+00     4.0000
     61.000    24.9287   5.194312    34.1996    22.7621 0.0000e+00     4.0000
     62.000    24.9263   5.194165    34.2001    22.7632 0.0000e+00     4.0000
     63.000    24.9088   5.192248    34.1988    22.7676 0.0000e+00     6.0000
     64.000    24.9010   5.191571    34.1994    22.7704 0.0000e+00     9.0000
     65.000    24.8358   5.185915    34.2066    22.7956 0.0000e+00     8.0000
     66.000    24.8037   5.183711    34.2143    22.8112 0.0000e+00     6.0000
     67.000    24.7882   5.182841    34.2193    22.8197 0.0000e+00     4.0000
     68.000    24.7828   5.182531    34.2208    22.8225 0.0000e+00     4.0000
     69.000    24.7687   5.181685    34.2249    22.8299 0.0000e+00     5.0000
     70.000    24.7558   5.180986    34.2292    22.8371 0.0000e+00     6.0000
     71.000    24.7514   5.181811    34.2384    22.8454 0.0000e+00     6.0000
     72.000    24.7501   5.181576    34.2373    22.8451 0.0000e+00     6.0000
     73.000    24.7553   5.182301    34.2384    22.8444 0.0000e+00     5.0000
     74.000    24.7549   5.182834    34.2424    22.8476 0.0000e+00     6.0000
     75.000    24.7316   5.181378    34.2489    22.8596 0.0000e+00     9.0000
     76.000    24.7165   5.180443    34.2532    22.8674 0.0000e+00     6.0000
     77.000    24.7072   5.179703    34.2544    22.8712 0.0000e+00     5.0000
     78.000    24.6925   5.178287    34.2548    22.8760 0.0000e+00     5.0000
     79.000    24.6674   5.175966    34.2563    22.8847 0.0000e+00     4.0000
     80.000    24.6371   5.173449    34.2603    22.8969 0.0000e+00     5.0000
     81.000    24.6137   5.171542    34.2636    22.9065 0.0000e+00     7.0000
     82.000    24.5802   5.168917    34.2693    22.9209 0.0000e+00     8.0000
     83.000    24.5621   5.168083    34.2766    22.9319 0.0000e+00     6.0000
     84.000    24.5639   5.169153    34.2829    22.9362 0.0000e+00     5.0000
     85.000    24.5609   5.169705    34.2890    22.9417 0.0000e+00     5.0000
     86.000    24.5299   5.167222    34.2938    22.9547 0.0000e+00     5.0000
     87.000    24.4592   5.160895    34.3003    22.9808 0.0000e+00     6.0000
     88.000    24.3861   5.155193    34.3133    23.0125 0.0000e+00     7.0000
     89.000    24.3556   5.153474    34.3234    23.0294 0.0000e+00     7.0000
     90.000    24.3450   5.152522    34.3241    23.0331 0.0000e+00     7.0000
     91.000    24.3438   5.152541    34.3249    23.0341 0.0000e+00     6.0000
     92.000    24.3210   5.149415    34.3186    23.0362 0.0000e+00     5.0000
     93.000    24.1603   5.127917    34.2802    23.0549 0.0000e+00     5.0000
     94.000    23.9584   5.109016    34.2928    23.1241 0.0000e+00     6.0000
     95.000    23.7675   5.093456    34.3221    23.2025 0.0000e+00     5.0000
     96.000    23.7204   5.090967    34.3393    23.2294 0.0000e+00     8.0000
     97.000    23.6458   5.085569    34.3558    23.2637 0.0000e+00     8.0000
     98.000    23.6204   5.083176    34.3570    23.2721 0.0000e+00     5.0000
     99.000    23.5876   5.079896    34.3572    23.2819 0.0000e+00     6.0000
    100.000    23.5343   5.074024    34.3535    23.2947 0.0000e+00     9.0000
    101.000    23.3873   5.054565    34.3191    23.3114 0.0000e+00     6.0000
    102.000    22.5887   4.974876    34.3299    23.5488 0.0000e+00     5.0000
    103.000    22.4088   4.961154    34.3646    23.6261 0.0000e+00     5.0000
    104.000    22.5429   4.974349    34.3612    23.5856 0.0000e+00     5.0000
    105.000    22.5245   4.969860    34.3405    23.5752 0.0000e+00     4.0000
    106.000    21.8139   4.894958    34.3165    23.7562 0.0000e+00     5.0000
    107.000    21.3979   4.862661    34.3927    23.9288 0.0000e+00    12.0000
    108.000    21.3599   4.860017    34.4018    23.9462 0.0000e+00    10.0000
    109.000    21.3203   4.856462    34.4049    23.9594 0.0000e+00     5.0000
    110.000    21.3141   4.855761    34.4040    23.9605 0.0000e+00     5.0000
    111.000    21.2872   4.852891    34.4024    23.9667 0.0000e+00     4.0000
    112.000    21.2506   4.849710    34.4061    23.9795 0.0000e+00     5.0000
    113.000    21.2479   4.849887    34.4094    23.9828 0.0000e+00     4.0000
    114.000    21.2362   4.848660    34.4086    23.9855 0.0000e+00     5.0000
    115.000    21.2063   4.846014    34.4112    23.9957 0.0000e+00     7.0000
    116.000    21.1994   4.845695    34.4139    23.9996 0.0000e+00     3.0000
