CTD/CNV/E01.CNV
* Sea-Bird SBE 9 Raw Data File:
* FileName = D:\SS4249\CR1267\E01.DAT
* Software Version 4.249
* Temperature SN = 1572
* Conductivity SN = 1344
* Number of Bytes Per Scan = 38
* Number of Voltage Words = 5
* Number of Scans Averaged by the Deck Unit = 4
* NMEA Latitude = 21 53.48 N
* NMEA Longitude = 120 49.42 E
* NMEA UTC (Time) = Dec 25 2007  08:29:14
** Ship:      OR3
** Cruise:    1267
** Station:   E01
** Latitude:  21-53.444
** Longitude: 120-49.521
** 46M
# nquan = 7
# nvalues = 46                          
# units = metric
# name 0 = pr: pressure [db]
# name 1 = t090: temperature, ITS-90 [deg C]
# name 2 = c0S/m: conductivity [S/m]
# name 3 = sal00: salinity, PSS-78 [PSU]
# name 4 = sigma-é00: density, sigma-theta [kg/m^3]
# name 5 = flag:  0.000e+00
# name 6 = nbin: number of scans per bin
# span 0 = 1.000, 46.000                          
# span 1 = 25.2239, 25.4971                       
# span 2 = 5.234621, 5.255494                     
# span 3 = 34.2249, 34.2785                       
# span 4 = 22.6044, 22.7310                       
# span 5 = 0.0000e+00, 0.0000e+00                 
# span 6 = 3.0000, 6.0000                         
# interval = decibars: 1                                
# start_time = Dec 25 2007 08:29:14
# bad_flag = -9.990e-29
*END*
      1.000    25.4776   5.251720    34.2266    22.6113 0.0000e+00     6.0000
      2.000    25.4963   5.253452    34.2249    22.6044 0.0000e+00     3.0000
      3.000    25.4859   5.252746    34.2273    22.6094 0.0000e+00     4.0000
      4.000    25.4957   5.253728    34.2268    22.6061 0.0000e+00     4.0000
      5.000    25.4963   5.253810    34.2266    22.6059 0.0000e+00     4.0000
      6.000    25.4966   5.253852    34.2264    22.6057 0.0000e+00     3.0000
      7.000    25.4969   5.253850    34.2258    22.6052 0.0000e+00     4.0000
      8.000    25.4971   5.253880    34.2256    22.6050 0.0000e+00     5.0000
      9.000    25.4964   5.253820    34.2254    22.6052 0.0000e+00     5.0000
     10.000    25.4927   5.253669    34.2268    22.6074 0.0000e+00     4.0000
     11.000    25.4926   5.253611    34.2261    22.6070 0.0000e+00     5.0000
     12.000    25.4849   5.253039    34.2274    22.6104 0.0000e+00     4.0000
     13.000    25.4819   5.252704    34.2269    22.6110 0.0000e+00     5.0000
     14.000    25.4778   5.252423    34.2276    22.6129 0.0000e+00     4.0000
     15.000    25.4793   5.252681    34.2281    22.6128 0.0000e+00     4.0000
     16.000    25.4758   5.252291    34.2275    22.6136 0.0000e+00     4.0000
     17.000    25.4733   5.252157    34.2281    22.6148 0.0000e+00     4.0000
     18.000    25.4726   5.252179    34.2285    22.6154 0.0000e+00     4.0000
     19.000    25.4736   5.252290    34.2282    22.6150 0.0000e+00     5.0000
     20.000    25.4729   5.252284    34.2284    22.6154 0.0000e+00     4.0000
     21.000    25.4739   5.252392    34.2282    22.6150 0.0000e+00     4.0000
     22.000    25.4733   5.252430    34.2286    22.6155 0.0000e+00     4.0000
     23.000    25.4733   5.252492    34.2287    22.6157 0.0000e+00     5.0000
     24.000    25.4739   5.252594    34.2287    22.6156 0.0000e+00     4.0000
     25.000    25.4737   5.252580    34.2284    22.6155 0.0000e+00     4.0000
     26.000    25.4716   5.252380    34.2283    22.6161 0.0000e+00     5.0000
     27.000    25.4687   5.252224    34.2290    22.6176 0.0000e+00     5.0000
     28.000    25.4694   5.252329    34.2289    22.6174 0.0000e+00     5.0000
     29.000    25.4726   5.252745    34.2293    22.6167 0.0000e+00     4.0000
     30.000    25.4764   5.253156    34.2291    22.6155 0.0000e+00     5.0000
     31.000    25.4738   5.253172    34.2309    22.6177 0.0000e+00     5.0000
     32.000    25.4863   5.254915    34.2339    22.6162 0.0000e+00     4.0000
     33.000    25.4904   5.255293    34.2333    22.6146 0.0000e+00     4.0000
     34.000    25.4868   5.255156    34.2347    22.6168 0.0000e+00     5.0000
     35.000    25.4890   5.255494    34.2352    22.6166 0.0000e+00     6.0000
     36.000    25.4885   5.255398    34.2346    22.6163 0.0000e+00     5.0000
     37.000    25.4780   5.254567    34.2361    22.6208 0.0000e+00     5.0000
     38.000    25.4711   5.253934    34.2363    22.6231 0.0000e+00     4.0000
     39.000    25.4677   5.253894    34.2383    22.6257 0.0000e+00     5.0000
     40.000    25.4722   5.253822    34.2341    22.6212 0.0000e+00     5.0000
     41.000    25.3908   5.246513    34.2414    22.6518 0.0000e+00     4.0000
     42.000    25.2970   5.240565    34.2682    22.7007 0.0000e+00     4.0000
     43.000    25.2513   5.236923    34.2756    22.7203 0.0000e+00     5.0000
     44.000    25.2390   5.235782    34.2762    22.7246 0.0000e+00     4.0000
     45.000    25.2286   5.234909    34.2773    22.7287 0.0000e+00     3.0000
     46.000    25.2239   5.234621    34.2785    22.7310 0.0000e+00     5.0000
