CTD/CNV/E02.CNV
* Sea-Bird SBE 9 Raw Data File:
* FileName = D:\SS4249\CR1267\E02.DAT
* Software Version 4.249
* Temperature SN = 1572
* Conductivity SN = 1344
* Number of Bytes Per Scan = 38
* Number of Voltage Words = 5
* Number of Scans Averaged by the Deck Unit = 4
* NMEA Latitude = 21 53.46 N
* NMEA Longitude = 120 49.31 E
* NMEA UTC (Time) = Dec 25 2007  09:39:51
** Ship:      OR3
** Cruise:    1267
** Station:   E02
** Latitude:  21-53.480
** Longitude: 120-49.367
** 52M
# nquan = 7
# nvalues = 47                          
# units = metric
# name 0 = pr: pressure [db]
# name 1 = t090: temperature, ITS-90 [deg C]
# name 2 = c0S/m: conductivity [S/m]
# name 3 = sal00: salinity, PSS-78 [PSU]
# name 4 = sigma-é00: density, sigma-theta [kg/m^3]
# name 5 = flag:  0.000e+00
# name 6 = nbin: number of scans per bin
# span 0 = 1.000, 47.000                          
# span 1 = 24.4822, 25.3953                       
# span 2 = 5.157044, 5.244582                     
# span 3 = 34.2258, 34.2665                       
# span 4 = 22.6420, 22.9459                       
# span 5 = 0.0000e+00, 0.0000e+00                 
# span 6 = 3.0000, 13.0000                        
# interval = decibars: 1                                
# start_time = Dec 25 2007 09:39:51
# bad_flag = -9.990e-29
*END*
      1.000    25.3953   5.244582    34.2362    22.6438 0.0000e+00     4.0000
      2.000    25.3892   5.243584    34.2332    22.6434 0.0000e+00    13.0000
      3.000    25.3878   5.243482    34.2332    22.6439 0.0000e+00     9.0000
      4.000    25.3932   5.244010    34.2327    22.6420 0.0000e+00     3.0000
      5.000    25.3899   5.243696    34.2326    22.6430 0.0000e+00     3.0000
      6.000    25.3884   5.243698    34.2334    22.6441 0.0000e+00     4.0000
      7.000    25.3863   5.243592    34.2339    22.6452 0.0000e+00     4.0000
      8.000    25.3852   5.243536    34.2340    22.6457 0.0000e+00     4.0000
      9.000    25.3856   5.243658    34.2343    22.6458 0.0000e+00     4.0000
     10.000    25.3838   5.243567    34.2347    22.6467 0.0000e+00     7.0000
     11.000    25.3871   5.243820    34.2337    22.6451 0.0000e+00     7.0000
     12.000    25.3846   5.243676    34.2343    22.6463 0.0000e+00     6.0000
     13.000    25.3837   5.243695    34.2348    22.6470 0.0000e+00     7.0000
     14.000    25.3854   5.243846    34.2343    22.6462 0.0000e+00     8.0000
     15.000    25.3850   5.243881    34.2345    22.6466 0.0000e+00     9.0000
     16.000    25.3872   5.244077    34.2340    22.6456 0.0000e+00    10.0000
     17.000    25.3833   5.243712    34.2340    22.6468 0.0000e+00     6.0000
     18.000    25.3638   5.242205    34.2373    22.6554 0.0000e+00     6.0000
     19.000    25.3562   5.241615    34.2384    22.6586 0.0000e+00     6.0000
     20.000    25.3482   5.241001    34.2396    22.6620 0.0000e+00     6.0000
     21.000    25.3149   5.238103    34.2431    22.6749 0.0000e+00     5.0000
     22.000    25.3013   5.237164    34.2461    22.6814 0.0000e+00     7.0000
     23.000    25.3066   5.237614    34.2451    22.6791 0.0000e+00     7.0000
     24.000    25.3005   5.237034    34.2452    22.6811 0.0000e+00     6.0000
     25.000    25.2936   5.236470    34.2459    22.6838 0.0000e+00     6.0000
     26.000    25.2882   5.235970    34.2460    22.6856 0.0000e+00     5.0000
     27.000    25.2573   5.232672    34.2448    22.6941 0.0000e+00     4.0000
     28.000    25.2504   5.232531    34.2486    22.6992 0.0000e+00     5.0000
     29.000    25.2392   5.231489    34.2491    22.7031 0.0000e+00     6.0000
     30.000    25.2382   5.231644    34.2507    22.7046 0.0000e+00     5.0000
     31.000    25.2109   5.228369    34.2469    22.7102 0.0000e+00     4.0000
     32.000    25.1640   5.223106    34.2433    22.7218 0.0000e+00     5.0000
     33.000    25.0792   5.212090    34.2258    22.7344 0.0000e+00     4.0000
     34.000    24.9616   5.201153    34.2337    22.7761 0.0000e+00     5.0000
     35.000    24.9195   5.195898    34.2264    22.7834 0.0000e+00     4.0000
     36.000    24.8226   5.186476    34.2298    22.8153 0.0000e+00     4.0000
     37.000    24.8145   5.186244    34.2339    22.8209 0.0000e+00     4.0000
     38.000    24.8431   5.188870    34.2314    22.8104 0.0000e+00     9.0000
     39.000    24.7053   5.174905    34.2321    22.8525 0.0000e+00     5.0000
     40.000    24.6592   5.170980    34.2377    22.8706 0.0000e+00     5.0000
     41.000    24.6417   5.169546    34.2400    22.8777 0.0000e+00     6.0000
     42.000    24.6339   5.168865    34.2406    22.8805 0.0000e+00     4.0000
     43.000    24.6205   5.167793    34.2425    22.8860 0.0000e+00     4.0000
     44.000    24.6172   5.167698    34.2440    22.8882 0.0000e+00     3.0000
     45.000    24.6117   5.167266    34.2446    22.8904 0.0000e+00     5.0000
     46.000    24.5670   5.163301    34.2488    22.9071 0.0000e+00     5.0000
     47.000    24.4822   5.157044    34.2665    22.9459 0.0000e+00     4.0000
