CTD/CNV/E03.CNV
* Sea-Bird SBE 9 Raw Data File:
* FileName = D:\SS4249\CR1267\E03.DAT
* Software Version 4.249
* Temperature SN = 1572
* Conductivity SN = 1344
* Number of Bytes Per Scan = 38
* Number of Voltage Words = 5
* Number of Scans Averaged by the Deck Unit = 4
* NMEA Latitude = 21 53.57 N
* NMEA Longitude = 120 49.35 E
* NMEA UTC (Time) = Dec 25 2007  10:43:07
** Ship:      OR3
** Cruise:    1267
** Station:   E03
** Latitude:  21-53.551
** Longitude: 120-49.423
** 51M
# nquan = 7
# nvalues = 45                          
# units = metric
# name 0 = pr: pressure [db]
# name 1 = t090: temperature, ITS-90 [deg C]
# name 2 = c0S/m: conductivity [S/m]
# name 3 = sal00: salinity, PSS-78 [PSU]
# name 4 = sigma-é00: density, sigma-theta [kg/m^3]
# name 5 = flag:  0.000e+00
# name 6 = nbin: number of scans per bin
# span 0 = 2.000, 46.000                          
# span 1 = 25.0449, 26.1095                       
# span 2 = 5.206871, 5.294063                     
# span 3 = 34.0624, 34.2092                       
# span 4 = 22.2922, 22.7331                       
# span 5 = 0.0000e+00, 0.0000e+00                 
# span 6 = 2.0000, 5.0000                         
# interval = decibars: 1                                
# start_time = Dec 25 2007 10:43:07
# bad_flag = -9.990e-29
*END*
      2.000    26.1095   5.294063    34.0624    22.2922 0.0000e+00     4.0000
      3.000    26.0977   5.293087    34.0638    22.2970 0.0000e+00     2.0000
      4.000    26.0967   5.292994    34.0636    22.2972 0.0000e+00     3.0000
      5.000    26.1034   5.293621    34.0628    22.2946 0.0000e+00     4.0000
      6.000    26.1047   5.293795    34.0628    22.2943 0.0000e+00     3.0000
      7.000    26.1015   5.293564    34.0632    22.2957 0.0000e+00     3.0000
      8.000    26.0969   5.293399    34.0651    22.2986 0.0000e+00     4.0000
      9.000    26.0798   5.292406    34.0703    22.3079 0.0000e+00     4.0000
     10.000    26.0710   5.291779    34.0720    22.3120 0.0000e+00     5.0000
     11.000    26.0683   5.291174    34.0693    22.3109 0.0000e+00     4.0000
     12.000    25.9769   5.284129    34.0859    22.3519 0.0000e+00     4.0000
     13.000    25.9207   5.279986    34.0974    22.3780 0.0000e+00     3.0000
     14.000    25.8622   5.276013    34.1118    22.4071 0.0000e+00     4.0000
     15.000    25.8505   5.275175    34.1142    22.4125 0.0000e+00     5.0000
     16.000    25.8387   5.274216    34.1157    22.4174 0.0000e+00     3.0000
     17.000    25.8277   5.273417    34.1178    22.4225 0.0000e+00     3.0000
     18.000    25.8192   5.272850    34.1197    22.4266 0.0000e+00     3.0000
     19.000    25.8156   5.272556    34.1199    22.4280 0.0000e+00     4.0000
     20.000    25.8110   5.272113    34.1198    22.4294 0.0000e+00     4.0000
     21.000    25.8026   5.271475    34.1212    22.4330 0.0000e+00     4.0000
     22.000    25.7878   5.270013    34.1213    22.4378 0.0000e+00     4.0000
     23.000    25.7680   5.268559    34.1252    22.4469 0.0000e+00     4.0000
     24.000    25.7545   5.267027    34.1238    22.4501 0.0000e+00     4.0000
     25.000    25.7405   5.265968    34.1262    22.4563 0.0000e+00     4.0000
     26.000    25.7310   5.264730    34.1240    22.4576 0.0000e+00     3.0000
     27.000    25.7211   5.264283    34.1278    22.4636 0.0000e+00     4.0000
     28.000    25.7036   5.262007    34.1240    22.4662 0.0000e+00     3.0000
     29.000    25.6776   5.260290    34.1306    22.4793 0.0000e+00     4.0000
     30.000    25.6775   5.259965    34.1280    22.4774 0.0000e+00     4.0000
     31.000    25.6404   5.256526    34.1304    22.4907 0.0000e+00     4.0000
     32.000    25.6238   5.255186    34.1327    22.4976 0.0000e+00     4.0000
     33.000    25.6179   5.254569    34.1323    22.4992 0.0000e+00     4.0000
     34.000    25.5838   5.251533    34.1354    22.5121 0.0000e+00     4.0000
     35.000    25.5797   5.251456    34.1376    22.5151 0.0000e+00     4.0000
     36.000    25.5744   5.250879    34.1370    22.5163 0.0000e+00     3.0000
     37.000    25.5626   5.250004    34.1392    22.5217 0.0000e+00     3.0000
     38.000    25.5580   5.249788    34.1407    22.5243 0.0000e+00     4.0000
     39.000    25.5425   5.247991    34.1389    22.5278 0.0000e+00     3.0000
     40.000    25.4839   5.243613    34.1505    22.5546 0.0000e+00     4.0000
     41.000    25.4148   5.237865    34.1600    22.5829 0.0000e+00     4.0000
     42.000    25.3579   5.232873    34.1658    22.6048 0.0000e+00     4.0000
     43.000    25.2297   5.221111    34.1756    22.6514 0.0000e+00     3.0000
     44.000    25.1873   5.219209    34.1932    22.6777 0.0000e+00     4.0000
     45.000    25.1191   5.212753    34.1968    22.7012 0.0000e+00     4.0000
     46.000    25.0449   5.206871    34.2092    22.7331 0.0000e+00     2.0000
