CTD/CNV/E04.CNV
* Sea-Bird SBE 9 Raw Data File:
* FileName = D:\SS4249\CR1267\E04.DAT
* Software Version 4.249
* Temperature SN = 1572
* Conductivity SN = 1344
* Number of Bytes Per Scan = 38
* Number of Voltage Words = 5
* Number of Scans Averaged by the Deck Unit = 4
* NMEA Latitude = 21 53.50 N
* NMEA Longitude = 120 49.43 E
* NMEA UTC (Time) = Dec 25 2007  11:46:45
** Ship:      OR3
** Cruise:    1267
** Station:   E04
** Latitude:  21-53.494
** Longitude: 120-49.466
** 47M
# nquan = 7
# nvalues = 44                          
# units = metric
# name 0 = pr: pressure [db]
# name 1 = t090: temperature, ITS-90 [deg C]
# name 2 = c0S/m: conductivity [S/m]
# name 3 = sal00: salinity, PSS-78 [PSU]
# name 4 = sigma-é00: density, sigma-theta [kg/m^3]
# name 5 = flag:  0.000e+00
# name 6 = nbin: number of scans per bin
# span 0 = 1.000, 44.000                          
# span 1 = 25.3688, 26.4499                       
# span 2 = 5.234403, 5.326212                     
# span 3 = 34.0369, 34.1710                       
# span 4 = 22.1682, 22.6055                       
# span 5 = 0.0000e+00, 0.0000e+00                 
# span 6 = 2.0000, 8.0000                         
# interval = decibars: 1                                
# start_time = Dec 25 2007 11:46:45
# bad_flag = -9.990e-29
*END*
      1.000    26.4379   5.324280    34.0375    22.1707 0.0000e+00     6.0000
      2.000    26.4362   5.324056    34.0369    22.1708 0.0000e+00     3.0000
      3.000    26.4331   5.323951    34.0381    22.1728 0.0000e+00     3.0000
      4.000    26.4356   5.324158    34.0375    22.1716 0.0000e+00     3.0000
      5.000    26.4349   5.324115    34.0374    22.1718 0.0000e+00     5.0000
      6.000    26.4339   5.324038    34.0372    22.1721 0.0000e+00     5.0000
      7.000    26.4375   5.324491    34.0375    22.1713 0.0000e+00     3.0000
      8.000    26.4397   5.324725    34.0373    22.1705 0.0000e+00     4.0000
      9.000    26.4412   5.324859    34.0369    22.1697 0.0000e+00     3.0000
     10.000    26.4399   5.324819    34.0372    22.1705 0.0000e+00     5.0000
     11.000    26.4427   5.325118    34.0370    22.1695 0.0000e+00     4.0000
     12.000    26.4435   5.325246    34.0370    22.1694 0.0000e+00     3.0000
     13.000    26.4447   5.325387    34.0369    22.1689 0.0000e+00     3.0000
     14.000    26.4451   5.325553    34.0375    22.1693 0.0000e+00     3.0000
     15.000    26.4484   5.325911    34.0373    22.1682 0.0000e+00     4.0000
     16.000    26.4465   5.325766    34.0374    22.1690 0.0000e+00     4.0000
     17.000    26.4499   5.326212    34.0378    22.1683 0.0000e+00     4.0000
     18.000    26.4348   5.324592    34.0370    22.1725 0.0000e+00     4.0000
     19.000    26.4315   5.324637    34.0394    22.1754 0.0000e+00     4.0000
     20.000    26.4086   5.322378    34.0398    22.1830 0.0000e+00     4.0000
     21.000    26.3477   5.316646    34.0432    22.2047 0.0000e+00     4.0000
     22.000    26.3102   5.313918    34.0510    22.2224 0.0000e+00     4.0000
     23.000    26.2892   5.312174    34.0537    22.2310 0.0000e+00     4.0000
     24.000    26.2789   5.310957    34.0522    22.2332 0.0000e+00     3.0000
     25.000    26.2517   5.308654    34.0554    22.2442 0.0000e+00     4.0000
     26.000    26.2038   5.303238    34.0515    22.2563 0.0000e+00     3.0000
     27.000    26.1006   5.294404    34.0639    22.2978 0.0000e+00     4.0000
     28.000    25.9884   5.284786    34.0773    22.3429 0.0000e+00     3.0000
     29.000    25.9142   5.278699    34.0880    22.3741 0.0000e+00     4.0000
     30.000    25.8553   5.273618    34.0947    22.3974 0.0000e+00     3.0000
     31.000    25.7348   5.263613    34.1115    22.4474 0.0000e+00     5.0000
     32.000    25.6886   5.260493    34.1230    22.4703 0.0000e+00     4.0000
     33.000    25.6755   5.259521    34.1254    22.4762 0.0000e+00     4.0000
     34.000    25.6590   5.257851    34.1252    22.4813 0.0000e+00     3.0000
     35.000    25.6347   5.255983    34.1295    22.4920 0.0000e+00     4.0000
     36.000    25.6143   5.254523    34.1338    22.5016 0.0000e+00     2.0000
     37.000    25.5937   5.252450    34.1337    22.5080 0.0000e+00     4.0000
     38.000    25.5399   5.247330    34.1363    22.5265 0.0000e+00     3.0000
     39.000    25.4648   5.242049    34.1537    22.5628 0.0000e+00     8.0000
     40.000    25.4185   5.238065    34.1590    22.5810 0.0000e+00     5.0000
     41.000    25.4012   5.237207    34.1654    22.5912 0.0000e+00     4.0000
     42.000    25.3994   5.236655    34.1624    22.5895 0.0000e+00     3.0000
     43.000    25.3742   5.234403    34.1645    22.5989 0.0000e+00     2.0000
     44.000    25.3688   5.234780    34.1710    22.6055 0.0000e+00     4.0000
