CTD/CNV/E06.CNV
* Sea-Bird SBE 9 Raw Data File:
* FileName = D:\SS4249\CR1267\E06.DAT
* Software Version 4.249
* Temperature SN = 1572
* Conductivity SN = 1344
* Number of Bytes Per Scan = 38
* Number of Voltage Words = 5
* Number of Scans Averaged by the Deck Unit = 4
* NMEA Latitude = 21 53.46 N
* NMEA Longitude = 120 49.47 E
* NMEA UTC (Time) = Dec 25 2007  14:00:10
** Ship:      OR3
** Cruise:    1267
** Station:   E06
** Latitude:  21-53.465
** Longitude: 120-49.484
** 46M
# nquan = 7
# nvalues = 41                          
# units = metric
# name 0 = pr: pressure [db]
# name 1 = t090: temperature, ITS-90 [deg C]
# name 2 = c0S/m: conductivity [S/m]
# name 3 = sal00: salinity, PSS-78 [PSU]
# name 4 = sigma-é00: density, sigma-theta [kg/m^3]
# name 5 = flag:  0.000e+00
# name 6 = nbin: number of scans per bin
# span 0 = 2.000, 42.000                          
# span 1 = 25.7604, 26.4685                       
# span 2 = 5.267518, 5.328252                     
# span 3 = 34.0349, 34.1204                       
# span 4 = 22.1626, 22.4470                       
# span 5 = 0.0000e+00, 0.0000e+00                 
# span 6 = 3.0000, 13.0000                        
# interval = decibars: 1                                
# start_time = Dec 25 2007 14:00:10
# bad_flag = -9.990e-29
*END*
      2.000    26.4416   5.324781    34.0381    22.1701 0.0000e+00    13.0000
      3.000    26.4454   5.325379    34.0393    22.1698 0.0000e+00     5.0000
      4.000    26.4525   5.326043    34.0385    22.1671 0.0000e+00     5.0000
      5.000    26.4550   5.326294    34.0382    22.1661 0.0000e+00     7.0000
      6.000    26.4560   5.326469    34.0384    22.1661 0.0000e+00     5.0000
      7.000    26.4557   5.326420    34.0380    22.1659 0.0000e+00     6.0000
      8.000    26.4574   5.326708    34.0385    22.1658 0.0000e+00     6.0000
      9.000    26.4627   5.327240    34.0381    22.1639 0.0000e+00     6.0000
     10.000    26.4666   5.327705    34.0383    22.1629 0.0000e+00     4.0000
     11.000    26.4669   5.327724    34.0379    22.1626 0.0000e+00     4.0000
     12.000    26.4654   5.327594    34.0378    22.1630 0.0000e+00    10.0000
     13.000    26.4633   5.327456    34.0380    22.1640 0.0000e+00     6.0000
     14.000    26.4631   5.327481    34.0380    22.1641 0.0000e+00     5.0000
     15.000    26.4643   5.327632    34.0379    22.1637 0.0000e+00     5.0000
     16.000    26.4657   5.327823    34.0380    22.1634 0.0000e+00     5.0000
     17.000    26.4642   5.327686    34.0378    22.1638 0.0000e+00     4.0000
     18.000    26.4627   5.327642    34.0383    22.1647 0.0000e+00     4.0000
     19.000    26.4672   5.328119    34.0381    22.1632 0.0000e+00     5.0000
     20.000    26.4685   5.328252    34.0378    22.1627 0.0000e+00     5.0000
     21.000    26.4281   5.323748    34.0349    22.1733 0.0000e+00     5.0000
     22.000    26.2122   5.304561    34.0561    22.2568 0.0000e+00     8.0000
     23.000    26.0091   5.288028    34.0869    22.3434 0.0000e+00     9.0000
     24.000    26.0123   5.288212    34.0856    22.3414 0.0000e+00     5.0000
     25.000    26.0018   5.287392    34.0871    22.3459 0.0000e+00     3.0000
     26.000    25.9923   5.286163    34.0850    22.3473 0.0000e+00     3.0000
     27.000    25.9803   5.285558    34.0892    22.3543 0.0000e+00     3.0000
     28.000    25.9540   5.283133    34.0909    22.3638 0.0000e+00     3.0000
     29.000    25.9365   5.282089    34.0960    22.3732 0.0000e+00     6.0000
     30.000    25.8889   5.277598    34.0986    22.3899 0.0000e+00     6.0000
     31.000    25.7975   5.270086    34.1118    22.4282 0.0000e+00     6.0000
     32.000    25.7673   5.267723    34.1168    22.4414 0.0000e+00     7.0000
     33.000    25.7631   5.267518    34.1182    22.4438 0.0000e+00     5.0000
     34.000    25.7622   5.267549    34.1188    22.4446 0.0000e+00     4.0000
     35.000    25.7621   5.267605    34.1190    22.4448 0.0000e+00     4.0000
     36.000    25.7621   5.267668    34.1191    22.4450 0.0000e+00     4.0000
     37.000    25.7620   5.267752    34.1195    22.4454 0.0000e+00     3.0000
     38.000    25.7627   5.267889    34.1197    22.4454 0.0000e+00     4.0000
     39.000    25.7623   5.267883    34.1196    22.4455 0.0000e+00     4.0000
     40.000    25.7619   5.267916    34.1198    22.4459 0.0000e+00     4.0000
     41.000    25.7605   5.267885    34.1204    22.4468 0.0000e+00     4.0000
     42.000    25.7604   5.267928    34.1204    22.4470 0.0000e+00     5.0000
