CTD/CNV/E08.CNV
* Sea-Bird SBE 9 Raw Data File:
* FileName = D:\SS4249\CR1267\E08.DAT
* Software Version 4.249
* Temperature SN = 1572
* Conductivity SN = 1344
* Number of Bytes Per Scan = 38
* Number of Voltage Words = 5
* Number of Scans Averaged by the Deck Unit = 4
* NMEA Latitude = 21 53.28 N
* NMEA Longitude = 120 49.66 E
* NMEA UTC (Time) = Dec 25 2007  16:07:22
** Ship:      OR3
** Cruise:    1267
** Station:   E08
** Latitude:  21-53.310
** Longitude: 120-49.633
** 43M
# nquan = 7
# nvalues = 38                          
# units = metric
# name 0 = pr: pressure [db]
# name 1 = t090: temperature, ITS-90 [deg C]
# name 2 = c0S/m: conductivity [S/m]
# name 3 = sal00: salinity, PSS-78 [PSU]
# name 4 = sigma-é00: density, sigma-theta [kg/m^3]
# name 5 = flag:  0.000e+00
# name 6 = nbin: number of scans per bin
# span 0 = 4.000, 41.000                          
# span 1 = 25.1001, 26.4027                       
# span 2 = 5.211038, 5.322146                     
# span 3 = 34.0463, 34.2023                       
# span 4 = 22.1890, 22.7089                       
# span 5 = 0.0000e+00, 0.0000e+00                 
# span 6 = 3.0000, 10.0000                        
# interval = decibars: 1                                
# start_time = Dec 25 2007 16:07:22
# bad_flag = -9.990e-29
*END*
      4.000    26.3870   5.320560    34.0475    22.1944 0.0000e+00     9.0000
      5.000    26.3963   5.321561    34.0475    22.1916 0.0000e+00     9.0000
      6.000    26.4027   5.322146    34.0467    22.1890 0.0000e+00    10.0000
      7.000    26.3908   5.320913    34.0463    22.1925 0.0000e+00     6.0000
      8.000    26.3047   5.313700    34.0577    22.2282 0.0000e+00     5.0000
      9.000    26.2475   5.308766    34.0642    22.2510 0.0000e+00     5.0000
     10.000    26.1591   5.299201    34.0603    22.2757 0.0000e+00     4.0000
     11.000    26.0354   5.290714    34.0905    22.3370 0.0000e+00     4.0000
     12.000    26.0387   5.290971    34.0896    22.3354 0.0000e+00     4.0000
     13.000    26.0241   5.289340    34.0883    22.3391 0.0000e+00     3.0000
     14.000    25.9878   5.286175    34.0921    22.3532 0.0000e+00     4.0000
     15.000    25.9373   5.282174    34.1003    22.3752 0.0000e+00     4.0000
     16.000    25.9038   5.278705    34.0998    22.3852 0.0000e+00     3.0000
     17.000    25.8608   5.274754    34.1028    22.4009 0.0000e+00     4.0000
     18.000    25.7700   5.267646    34.1185    22.4409 0.0000e+00     3.0000
     19.000    25.7750   5.268451    34.1204    22.4408 0.0000e+00     5.0000
     20.000    25.7839   5.268828    34.1162    22.4350 0.0000e+00     5.0000
     21.000    25.7013   5.261456    34.1239    22.4663 0.0000e+00    10.0000
     22.000    25.6190   5.254711    34.1359    22.5008 0.0000e+00     7.0000
     23.000    25.5879   5.251954    34.1388    22.5126 0.0000e+00     3.0000
     24.000    25.5778   5.251236    34.1408    22.5173 0.0000e+00     4.0000
     25.000    25.5675   5.250203    34.1406    22.5204 0.0000e+00     3.0000
     26.000    25.5287   5.246916    34.1454    22.5360 0.0000e+00     3.0000
     27.000    25.4728   5.241648    34.1484    22.5555 0.0000e+00     4.0000
     28.000    25.4454   5.240242    34.1584    22.5715 0.0000e+00     3.0000
     29.000    25.4252   5.238640    34.1615    22.5801 0.0000e+00     5.0000
     30.000    25.3808   5.234673    34.1655    22.5968 0.0000e+00     5.0000
     31.000    25.2018   5.217766    34.1757    22.6592 0.0000e+00     5.0000
     32.000    25.1137   5.212395    34.2023    22.7061 0.0000e+00     6.0000
     33.000    25.1522   5.215998    34.1995    22.6923 0.0000e+00     9.0000
     34.000    25.1673   5.217262    34.1971    22.6860 0.0000e+00     6.0000
     35.000    25.1660   5.216681    34.1935    22.6837 0.0000e+00     4.0000
     36.000    25.1432   5.215128    34.1989    22.6949 0.0000e+00     4.0000
     37.000    25.1390   5.214965    34.2006    22.6975 0.0000e+00     3.0000
     38.000    25.1486   5.216081    34.2013    22.6951 0.0000e+00     4.0000
     39.000    25.1391   5.214708    34.1980    22.6956 0.0000e+00     3.0000
     40.000    25.1391   5.215216    34.2014    22.6983 0.0000e+00     3.0000
     41.000    25.1001   5.211038    34.1998    22.7089 0.0000e+00     4.0000
