CTD/CNV/E09.CNV
* Sea-Bird SBE 9 Raw Data File:
* FileName = D:\SS4249\CR1267\E09.DAT
* Software Version 4.249
* Temperature SN = 1572
* Conductivity SN = 1344
* Number of Bytes Per Scan = 38
* Number of Voltage Words = 5
* Number of Scans Averaged by the Deck Unit = 4
* NMEA Latitude = 21 53.31 N
* NMEA Longitude = 120 49.74 E
* NMEA UTC (Time) = Dec 25 2007  17:42:33
** Ship:      OR3
** Cruise:    1267
** Station:   E09
** Latitude:  21-53.324
** Longitude: 120-49.733
** 44M
# nquan = 7
# nvalues = 40                          
# units = metric
# name 0 = pr: pressure [db]
# name 1 = t090: temperature, ITS-90 [deg C]
# name 2 = c0S/m: conductivity [S/m]
# name 3 = sal00: salinity, PSS-78 [PSU]
# name 4 = sigma-é00: density, sigma-theta [kg/m^3]
# name 5 = flag:  0.000e+00
# name 6 = nbin: number of scans per bin
# span 0 = 1.000, 40.000                          
# span 1 = 25.6575, 25.9781                       
# span 2 = 4.612052, 5.309501                     
# span 3 = 29.3694, 34.2722                       
# span 4 = 18.8460, 22.4984                       
# span 5 = 0.0000e+00, 0.0000e+00                 
# span 6 = 3.0000, 11.0000                        
# interval = decibars: 1                                
# start_time = Dec 25 2007 17:42:33
# bad_flag = -9.990e-29
*END*
      1.000    25.8220   4.612052    29.3694    18.8460 0.0000e+00    10.0000
      2.000    25.9781   5.309501    34.2722    22.4913 0.0000e+00     9.0000
      3.000    25.9428   5.280368    34.0868    22.3625 0.0000e+00     7.0000
      4.000    25.9493   5.278012    34.0645    22.3437 0.0000e+00     7.0000
      5.000    25.9221   5.276943    34.0767    22.3614 0.0000e+00     7.0000
      6.000    25.7776   5.276229    34.1790    22.4834 0.0000e+00     8.0000
      7.000    25.7532   5.273511    34.1772    22.4896 0.0000e+00     6.0000
      8.000    25.7585   5.269237    34.1418    22.4613 0.0000e+00     6.0000
      9.000    25.7537   5.268580    34.1403    22.4617 0.0000e+00     6.0000
     10.000    25.7717   5.268343    34.1248    22.4446 0.0000e+00     5.0000
     11.000    25.7553   5.269095    34.1422    22.4628 0.0000e+00     7.0000
     12.000    25.7500   5.268882    34.1443    22.4661 0.0000e+00     6.0000
     13.000    25.7672   5.268481    34.1282    22.4488 0.0000e+00     6.0000
     14.000    25.7295   5.267491    34.1489    22.4761 0.0000e+00     5.0000
     15.000    25.7026   5.264919    34.1500    22.4852 0.0000e+00     6.0000
     16.000    25.6992   5.264432    34.1487    22.4854 0.0000e+00     6.0000
     17.000    25.6987   5.264296    34.1477    22.4849 0.0000e+00     6.0000
     18.000    25.7015   5.264549    34.1472    22.4837 0.0000e+00     6.0000
     19.000    25.6858   5.263372    34.1500    22.4907 0.0000e+00     5.0000
     20.000    25.6945   5.263308    34.1428    22.4826 0.0000e+00     4.0000
     21.000    25.6922   5.263614    34.1464    22.4862 0.0000e+00     5.0000
     22.000    25.6863   5.263417    34.1491    22.4901 0.0000e+00     7.0000
     23.000    25.6854   5.264087    34.1543    22.4944 0.0000e+00    10.0000
     24.000    25.6928   5.264809    34.1537    22.4917 0.0000e+00     6.0000
     25.000    25.6775   5.262906    34.1510    22.4944 0.0000e+00     5.0000
     26.000    25.6774   5.262476    34.1476    22.4920 0.0000e+00     5.0000
     27.000    25.6748   5.262369    34.1485    22.4935 0.0000e+00     4.0000
     28.000    25.6737   5.262243    34.1481    22.4936 0.0000e+00     4.0000
     29.000    25.6784   5.262517    34.1463    22.4909 0.0000e+00     5.0000
     30.000    25.6770   5.262728    34.1486    22.4931 0.0000e+00     6.0000
     31.000    25.6741   5.262644    34.1498    22.4950 0.0000e+00     6.0000
     32.000    25.6755   5.263156    34.1522    22.4964 0.0000e+00    11.0000
     33.000    25.6804   5.263459    34.1504    22.4936 0.0000e+00     7.0000
     34.000    25.6656   5.262009    34.1506    22.4984 0.0000e+00     5.0000
     35.000    25.6646   5.261292    34.1458    22.4952 0.0000e+00     4.0000
     36.000    25.6649   5.261423    34.1463    22.4955 0.0000e+00     4.0000
     37.000    25.6598   5.260873    34.1458    22.4967 0.0000e+00     3.0000
     38.000    25.6575   5.260355    34.1434    22.4957 0.0000e+00     4.0000
     39.000    25.6619   5.261092    34.1452    22.4958 0.0000e+00     5.0000
     40.000    25.6611   5.261099    34.1455    22.4964 0.0000e+00     6.0000
