CTD/CNV/E11.CNV
* Sea-Bird SBE 9 Raw Data File:
* FileName = D:\SS4249\CR1267\E11.DAT
* Software Version 4.249
* Temperature SN = 1572
* Conductivity SN = 1344
* Number of Bytes Per Scan = 38
* Number of Voltage Words = 5
* Number of Scans Averaged by the Deck Unit = 4
* NMEA Latitude = 21 53.39 N
* NMEA Longitude = 120 49.66 E
* NMEA UTC (Time) = Dec 25 2007  19:46:21
** Ship:      OR3
** Cruise:    1267
** Station:   E11
** Latitude:  21-53.405
** Longitude: 120-49.632
** 44M
# nquan = 7
# nvalues = 41                          
# units = metric
# name 0 = pr: pressure [db]
# name 1 = t090: temperature, ITS-90 [deg C]
# name 2 = c0S/m: conductivity [S/m]
# name 3 = sal00: salinity, PSS-78 [PSU]
# name 4 = sigma-é00: density, sigma-theta [kg/m^3]
# name 5 = flag:  0.000e+00
# name 6 = nbin: number of scans per bin
# span 0 = 1.000, 41.000                          
# span 1 = 23.9010, 25.7059                       
# span 2 = 2.968551, 5.366880                     
# span 3 = 18.8067, 34.8963                       
# span 4 = 11.4587, 23.1104                       
# span 5 = 0.0000e+00, 0.0000e+00                 
# span 6 = 3.0000, 7.0000                         
# interval = decibars: 1                                
# start_time = Dec 25 2007 19:46:21
# bad_flag = -9.990e-29
*END*
      1.000    23.9010   2.968551    18.8067    11.4587 0.0000e+00     7.0000
      2.000    25.7059   5.366880    34.8963    23.0465 0.0000e+00     6.0000
      3.000    25.5816   5.137259    33.3129    21.8901 0.0000e+00     6.0000
      4.000    25.6023   5.239358    34.0418    22.4337 0.0000e+00     5.0000
      5.000    25.6056   5.244698    34.0780    22.4601 0.0000e+00     5.0000
      6.000    25.6199   5.246462    34.0799    22.4572 0.0000e+00     5.0000
      7.000    25.4755   5.241249    34.1496    22.5543 0.0000e+00     6.0000
      8.000    25.4295   5.234345    34.1333    22.5561 0.0000e+00     5.0000
      9.000    25.3916   5.231717    34.1422    22.5745 0.0000e+00     5.0000
     10.000    25.3650   5.229788    34.1477    22.5868 0.0000e+00     5.0000
     11.000    25.2997   5.225287    34.1635    22.6187 0.0000e+00     5.0000
     12.000    25.2659   5.221923    34.1639    22.6294 0.0000e+00     4.0000
     13.000    25.2469   5.220138    34.1647    22.6360 0.0000e+00     5.0000
     14.000    25.2470   5.219083    34.1566    22.6298 0.0000e+00     6.0000
     15.000    25.2547   5.220708    34.1624    22.6320 0.0000e+00     5.0000
     16.000    25.1715   5.216541    34.1942    22.6814 0.0000e+00     6.0000
     17.000    25.0684   5.208258    34.2107    22.7252 0.0000e+00     6.0000
     18.000    25.1016   5.207812    34.1820    22.6935 0.0000e+00     4.0000
     19.000    25.0997   5.209474    34.1954    22.7043 0.0000e+00     3.0000
     20.000    25.0993   5.207840    34.1833    22.6954 0.0000e+00     4.0000
     21.000    25.0895   5.208766    34.1972    22.7089 0.0000e+00     4.0000
     22.000    25.0961   5.207724    34.1843    22.6972 0.0000e+00     4.0000
     23.000    25.1178   5.210362    34.1870    22.6927 0.0000e+00     4.0000
     24.000    24.7823   5.193913    34.3194    22.8944 0.0000e+00     6.0000
     25.000    24.6856   5.178870    34.2810    22.8945 0.0000e+00     5.0000
     26.000    24.6486   5.171885    34.2569    22.8874 0.0000e+00     6.0000
     27.000    24.6617   5.172025    34.2476    22.8765 0.0000e+00     6.0000
     28.000    24.6633   5.171376    34.2413    22.8713 0.0000e+00     4.0000
     29.000    24.6929   5.172861    34.2295    22.8536 0.0000e+00     4.0000
     30.000    24.7239   5.175954    34.2286    22.8437 0.0000e+00     3.0000
     31.000    24.6937   5.174065    34.2372    22.8593 0.0000e+00     4.0000
     32.000    24.7074   5.174639    34.2307    22.8504 0.0000e+00     4.0000
     33.000    24.6355   5.171837    34.2643    22.8974 0.0000e+00     4.0000
     34.000    24.4007   5.156660    34.3301    23.0175 0.0000e+00     6.0000
     35.000    24.2337   5.143515    34.3594    23.0894 0.0000e+00     6.0000
     36.000    24.1008   5.126706    34.3350    23.1104 0.0000e+00     5.0000
     37.000    24.0683   5.120380    34.3120    23.1027 0.0000e+00     4.0000
     38.000    24.0788   5.118321    34.2881    23.0816 0.0000e+00     4.0000
     39.000    24.1486   5.123878    34.2760    23.0518 0.0000e+00     4.0000
     40.000    24.1572   5.125084    34.2781    23.0510 0.0000e+00     4.0000
     41.000    24.1331   5.123666    34.2857    23.0639 0.0000e+00     4.0000
