CTD/CNV/E14.CNV
* Sea-Bird SBE 9 Raw Data File:
* FileName = D:\SS4249\CR1267\E14.DAT
* Software Version 4.249
* Temperature SN = 1572
* Conductivity SN = 1344
* Number of Bytes Per Scan = 38
* Number of Voltage Words = 5
* Number of Scans Averaged by the Deck Unit = 4
* NMEA Latitude = 21 53.53 N
* NMEA Longitude = 120 49.54 E
* NMEA UTC (Time) = Dec 25 2007  22:55:24
** Ship:      OR3
** Cruise:    1267
** Station:   E14
** Latitude:  21-53.523
** Longitude: 120-49.558
** 45M
# nquan = 7
# nvalues = 41                          
# units = metric
# name 0 = pr: pressure [db]
# name 1 = t090: temperature, ITS-90 [deg C]
# name 2 = c0S/m: conductivity [S/m]
# name 3 = sal00: salinity, PSS-78 [PSU]
# name 4 = sigma-é00: density, sigma-theta [kg/m^3]
# name 5 = flag:  0.000e+00
# name 6 = nbin: number of scans per bin
# span 0 = 1.000, 41.000                          
# span 1 = 24.6831, 25.4504                       
# span 2 = 5.172165, 5.238232                     
# span 3 = 34.1476, 34.2286                       
# span 4 = 22.5602, 22.8566                       
# span 5 = 0.0000e+00, 0.0000e+00                 
# span 6 = 2.0000, 9.0000                         
# interval = decibars: 1                                
# start_time = Dec 25 2007 22:55:24
# bad_flag = -9.990e-29
*END*
      1.000    25.4307   5.236391    34.1495    22.5675 0.0000e+00     2.0000
      2.000    25.4343   5.236895    34.1502    22.5670 0.0000e+00     9.0000
      3.000    25.4504   5.238232    34.1476    22.5602 0.0000e+00     4.0000
      4.000    25.3938   5.232640    34.1488    22.5785 0.0000e+00     5.0000
      5.000    25.3694   5.231158    34.1560    22.5914 0.0000e+00     5.0000
      6.000    25.3239   5.226808    34.1580    22.6069 0.0000e+00     6.0000
      7.000    25.3112   5.226057    34.1617    22.6136 0.0000e+00     5.0000
      8.000    25.3060   5.225621    34.1621    22.6156 0.0000e+00     5.0000
      9.000    25.3094   5.226003    34.1620    22.6146 0.0000e+00     6.0000
     10.000    25.3138   5.226507    34.1621    22.6134 0.0000e+00     5.0000
     11.000    25.3262   5.227641    34.1608    22.6087 0.0000e+00     5.0000
     12.000    25.3279   5.227792    34.1603    22.6078 0.0000e+00     5.0000
     13.000    25.3280   5.227850    34.1604    22.6079 0.0000e+00     5.0000
     14.000    25.3302   5.228114    34.1603    22.6073 0.0000e+00     5.0000
     15.000    25.3190   5.227020    34.1604    22.6108 0.0000e+00     5.0000
     16.000    25.2671   5.222050    34.1627    22.6284 0.0000e+00     4.0000
     17.000    25.2386   5.220443    34.1720    22.6442 0.0000e+00     5.0000
     18.000    25.2588   5.222040    34.1682    22.6353 0.0000e+00     5.0000
     19.000    25.2427   5.220586    34.1693    22.6411 0.0000e+00     6.0000
     20.000    25.2299   5.219506    34.1707    22.6461 0.0000e+00     6.0000
     21.000    25.2262   5.219376    34.1723    22.6485 0.0000e+00     5.0000
     22.000    25.2141   5.218118    34.1718    22.6519 0.0000e+00     4.0000
     23.000    25.2088   5.218017    34.1748    22.6558 0.0000e+00     5.0000
     24.000    25.1843   5.215493    34.1743    22.6630 0.0000e+00     5.0000
     25.000    25.1976   5.217015    34.1752    22.6597 0.0000e+00     5.0000
     26.000    25.1601   5.213385    34.1764    22.6721 0.0000e+00     5.0000
     27.000    25.1202   5.210020    34.1814    22.6880 0.0000e+00     4.0000
     28.000    25.1279   5.210978    34.1824    22.6865 0.0000e+00     6.0000
     29.000    25.1142   5.209425    34.1810    22.6896 0.0000e+00     5.0000
     30.000    25.0725   5.205796    34.1854    22.7057 0.0000e+00     4.0000
     31.000    25.0213   5.201327    34.1908    22.7254 0.0000e+00     5.0000
     32.000    25.0090   5.200467    34.1934    22.7311 0.0000e+00     5.0000
     33.000    25.0177   5.201571    34.1947    22.7295 0.0000e+00     5.0000
     34.000    24.9935   5.198268    34.1883    22.7321 0.0000e+00     4.0000
     35.000    24.9493   5.195371    34.2000    22.7544 0.0000e+00     5.0000
     36.000    24.9215   5.192418    34.1989    22.7620 0.0000e+00     6.0000
     37.000    24.8178   5.182875    34.2065    22.7991 0.0000e+00     6.0000
     38.000    24.7887   5.180263    34.2088    22.8098 0.0000e+00     4.0000
     39.000    24.6997   5.172165    34.2160    22.8420 0.0000e+00     4.0000
     40.000    24.6831   5.172207    34.2286    22.8566 0.0000e+00     5.0000
     41.000    24.7143   5.174090    34.2186    22.8397 0.0000e+00     6.0000
