CTD/CNV/E15.CNV
* Sea-Bird SBE 9 Raw Data File:
* FileName = D:\SS4249\CR1267\E15.DAT
* Software Version 4.249
* Temperature SN = 1572
* Conductivity SN = 1344
* Number of Bytes Per Scan = 38
* Number of Voltage Words = 5
* Number of Scans Averaged by the Deck Unit = 4
* NMEA Latitude = 21 53.46 N
* NMEA Longitude = 120 49.43 E
* NMEA UTC (Time) = Dec 25 2007  23:55:26
** Ship:      OR3
** Cruise:    1267
** Station:   E15
** Latitude:  21-53.453
** Longitude: 120-49.445
** 47M
# nquan = 7
# nvalues = 44                          
# units = metric
# name 0 = pr: pressure [db]
# name 1 = t090: temperature, ITS-90 [deg C]
# name 2 = c0S/m: conductivity [S/m]
# name 3 = sal00: salinity, PSS-78 [PSU]
# name 4 = sigma-é00: density, sigma-theta [kg/m^3]
# name 5 = flag:  0.000e+00
# name 6 = nbin: number of scans per bin
# span 0 = 1.000, 44.000                          
# span 1 = 24.9566, 25.9009                       
# span 2 = 5.196218, 5.279334                     
# span 3 = 34.1092, 34.1992                       
# span 4 = 22.3927, 22.7512                       
# span 5 = 0.0000e+00, 0.0000e+00                 
# span 6 = 1.0000, 13.0000                        
# interval = decibars: 1                                
# start_time = Dec 25 2007 23:55:26
# bad_flag = -9.990e-29
*END*
      1.000    25.8830   5.277340    34.1099    22.3983 0.0000e+00     1.0000
      2.000    25.8895   5.278130    34.1105    22.3968 0.0000e+00    13.0000
      3.000    25.8952   5.279018    34.1124    22.3966 0.0000e+00     3.0000
      4.000    25.8991   5.279334    34.1115    22.3947 0.0000e+00     5.0000
      5.000    25.8993   5.279312    34.1109    22.3943 0.0000e+00     5.0000
      6.000    25.8968   5.279329    34.1126    22.3964 0.0000e+00     4.0000
      7.000    25.9009   5.279333    34.1092    22.3927 0.0000e+00     3.0000
      8.000    25.8776   5.277394    34.1122    22.4022 0.0000e+00     4.0000
      9.000    25.8684   5.277082    34.1165    22.4083 0.0000e+00     3.0000
     10.000    25.8654   5.276243    34.1123    22.4062 0.0000e+00     4.0000
     11.000    25.8136   5.270955    34.1122    22.4222 0.0000e+00     3.0000
     12.000    25.7564   5.267349    34.1284    22.4521 0.0000e+00     4.0000
     13.000    25.7555   5.266933    34.1257    22.4505 0.0000e+00     3.0000
     14.000    25.7272   5.263947    34.1248    22.4586 0.0000e+00     4.0000
     15.000    25.6899   5.262088    34.1388    22.4807 0.0000e+00     4.0000
     16.000    25.6646   5.259241    34.1367    22.4870 0.0000e+00     6.0000
     17.000    25.6178   5.255099    34.1412    22.5048 0.0000e+00     6.0000
     18.000    25.5846   5.252694    34.1482    22.5204 0.0000e+00     3.0000
     19.000    25.5869   5.252564    34.1452    22.5175 0.0000e+00     4.0000
     20.000    25.5494   5.248904    34.1462    22.5299 0.0000e+00     4.0000
     21.000    25.4692   5.240319    34.1432    22.5523 0.0000e+00     3.0000
     22.000    25.3586   5.231922    34.1645    22.6023 0.0000e+00     4.0000
     23.000    25.3441   5.230862    34.1673    22.6089 0.0000e+00     4.0000
     24.000    25.3411   5.230237    34.1646    22.6079 0.0000e+00     3.0000
     25.000    25.3255   5.229198    34.1684    22.6156 0.0000e+00     4.0000
     26.000    25.3215   5.228906    34.1690    22.6173 0.0000e+00     4.0000
     27.000    25.3205   5.228952    34.1698    22.6182 0.0000e+00     4.0000
     28.000    25.3191   5.228846    34.1698    22.6187 0.0000e+00     4.0000
     29.000    25.3221   5.229320    34.1707    22.6186 0.0000e+00     4.0000
     30.000    25.3241   5.229412    34.1695    22.6171 0.0000e+00     4.0000
     31.000    25.3207   5.229216    34.1703    22.6189 0.0000e+00     4.0000
     32.000    25.3158   5.228875    34.1712    22.6211 0.0000e+00     4.0000
     33.000    25.3079   5.228162    34.1716    22.6239 0.0000e+00     4.0000
     34.000    25.3064   5.227957    34.1709    22.6239 0.0000e+00     4.0000
     35.000    25.3003   5.227786    34.1740    22.6281 0.0000e+00     4.0000
     36.000    25.2776   5.224782    34.1687    22.6311 0.0000e+00     4.0000
     37.000    25.2557   5.223911    34.1784    22.6452 0.0000e+00     4.0000
     38.000    25.1777   5.215886    34.1779    22.6686 0.0000e+00     5.0000
     39.000    25.1504   5.214620    34.1888    22.6852 0.0000e+00     3.0000
     40.000    25.1422   5.211092    34.1687    22.6726 0.0000e+00     3.0000
     41.000    25.0803   5.208937    34.1992    22.7145 0.0000e+00     3.0000
     42.000    25.1147   5.209973    34.1806    22.6901 0.0000e+00     3.0000
     43.000    25.0337   5.202689    34.1877    22.7201 0.0000e+00     4.0000
     44.000    24.9566   5.196218    34.1979    22.7512 0.0000e+00     1.0000
