CTD/CNV/E16.CNV
* Sea-Bird SBE 9 Raw Data File:
* FileName = D:\SS4249\CR1267\E16.DAT
* Software Version 4.249
* Temperature SN = 1572
* Conductivity SN = 1344
* Number of Bytes Per Scan = 38
* Number of Voltage Words = 5
* Number of Scans Averaged by the Deck Unit = 4
* NMEA Latitude = 21 53.40 N
* NMEA Longitude = 120 49.47 E
* NMEA UTC (Time) = Dec 26 2007  00:58:43
** Ship:      OR3
** Cruise:    1267
** Station:   E16
** Latitude:  21-53.400
** Longitude: 120-49.495
** 45M
# nquan = 7
# nvalues = 39                          
# units = metric
# name 0 = pr: pressure [db]
# name 1 = t090: temperature, ITS-90 [deg C]
# name 2 = c0S/m: conductivity [S/m]
# name 3 = sal00: salinity, PSS-78 [PSU]
# name 4 = sigma-é00: density, sigma-theta [kg/m^3]
# name 5 = flag:  0.000e+00
# name 6 = nbin: number of scans per bin
# span 0 = 2.000, 40.000                          
# span 1 = 25.1986, 26.1797                       
# span 2 = 5.219404, 5.305184                     
# span 3 = 34.0702, 34.1877                       
# span 4 = 22.2799, 22.6696                       
# span 5 = 0.0000e+00, 0.0000e+00                 
# span 6 = 4.0000, 12.0000                        
# interval = decibars: 1                                
# start_time = Dec 26 2007 00:58:43
# bad_flag = -9.990e-29
*END*
      2.000    26.1680   5.301148    34.0702    22.2799 0.0000e+00     9.0000
      3.000    26.1678   5.302275    34.0782    22.2860 0.0000e+00     8.0000
      4.000    26.1722   5.302782    34.0783    22.2848 0.0000e+00    10.0000
      5.000    26.1734   5.304095    34.0866    22.2907 0.0000e+00     5.0000
      6.000    26.1727   5.303767    34.0844    22.2894 0.0000e+00    11.0000
      7.000    26.1739   5.303595    34.0820    22.2873 0.0000e+00     6.0000
      8.000    26.1732   5.304196    34.0866    22.2910 0.0000e+00     6.0000
      9.000    26.1727   5.304109    34.0860    22.2908 0.0000e+00     6.0000
     10.000    26.1768   5.303780    34.0803    22.2853 0.0000e+00     9.0000
     11.000    26.1797   5.303878    34.0785    22.2831 0.0000e+00     9.0000
     12.000    26.1715   5.303715    34.0831    22.2892 0.0000e+00     9.0000
     13.000    26.1773   5.304683    34.0855    22.2893 0.0000e+00     4.0000
     14.000    26.1771   5.304931    34.0872    22.2907 0.0000e+00     4.0000
     15.000    26.1769   5.305031    34.0877    22.2912 0.0000e+00     6.0000
     16.000    26.1765   5.304804    34.0861    22.2902 0.0000e+00    10.0000
     17.000    26.1755   5.304626    34.0852    22.2899 0.0000e+00     9.0000
     18.000    26.1715   5.304792    34.0891    22.2941 0.0000e+00     6.0000
     19.000    26.1690   5.305184    34.0935    22.2983 0.0000e+00     6.0000
     20.000    26.0433   5.302784    34.1693    22.3947 0.0000e+00     7.0000
     21.000    25.9655   5.295914    34.1772    22.4248 0.0000e+00     7.0000
     22.000    25.9426   5.289903    34.1503    22.4118 0.0000e+00     6.0000
     23.000    25.8294   5.283456    34.1877    22.4751 0.0000e+00     6.0000
     24.000    25.7631   5.275293    34.1776    22.4880 0.0000e+00     6.0000
     25.000    25.6850   5.266849    34.1742    22.5096 0.0000e+00     8.0000
     26.000    25.5612   5.252035    34.1584    22.5359 0.0000e+00    11.0000
     27.000    25.4962   5.245617    34.1599    22.5570 0.0000e+00     5.0000
     28.000    25.4179   5.238831    34.1687    22.5877 0.0000e+00     5.0000
     29.000    25.3945   5.236898    34.1718    22.5973 0.0000e+00     4.0000
     30.000    25.3657   5.233849    34.1708    22.6054 0.0000e+00     5.0000
     31.000    25.3319   5.231138    34.1760    22.6197 0.0000e+00    12.0000
     32.000    25.3314   5.231165    34.1763    22.6202 0.0000e+00     6.0000
     33.000    25.3246   5.230625    34.1771    22.6229 0.0000e+00     8.0000
     34.000    25.3209   5.230420    34.1781    22.6249 0.0000e+00     6.0000
     35.000    25.3195   5.230299    34.1780    22.6253 0.0000e+00     5.0000
     36.000    25.3005   5.228479    34.1786    22.6316 0.0000e+00     6.0000
     37.000    25.2869   5.227410    34.1807    22.6374 0.0000e+00     6.0000
     38.000    25.2796   5.226834    34.1816    22.6404 0.0000e+00     5.0000
     39.000    25.2323   5.222086    34.1820    22.6552 0.0000e+00     7.0000
     40.000    25.1986   5.219404    34.1874    22.6696 0.0000e+00    10.0000
