CTD/CNV/E18.CNV
* Sea-Bird SBE 9 Raw Data File:
* FileName = D:\SS4249\CR1267\E18.DAT
* Software Version 4.249
* Temperature SN = 1572
* Conductivity SN = 1344
* Number of Bytes Per Scan = 38
* Number of Voltage Words = 5
* Number of Scans Averaged by the Deck Unit = 4
* NMEA Latitude = 21 53.33 N
* NMEA Longitude = 120 49.42 E
* NMEA UTC (Time) = Dec 26 2007  03:00:38
** Ship:      OR3
** Cruise:    1267
** Station:   E18
** Latitude:  21-53.344
** Longitude: 120-49.458
** 47M
# nquan = 7
# nvalues = 42                          
# units = metric
# name 0 = pr: pressure [db]
# name 1 = t090: temperature, ITS-90 [deg C]
# name 2 = c0S/m: conductivity [S/m]
# name 3 = sal00: salinity, PSS-78 [PSU]
# name 4 = sigma-é00: density, sigma-theta [kg/m^3]
# name 5 = flag:  0.000e+00
# name 6 = nbin: number of scans per bin
# span 0 = 2.000, 43.000                          
# span 1 = 25.6538, 26.1345                       
# span 2 = 5.260021, 5.301562                     
# span 3 = 34.0556, 34.1422                       
# span 4 = 22.2832, 22.4963                       
# span 5 = 0.0000e+00, 0.0000e+00                 
# span 6 = 4.0000, 13.0000                        
# interval = decibars: 1                                
# start_time = Dec 26 2007 03:00:38
# bad_flag = -9.990e-29
*END*
      2.000    26.1219   5.294392    34.0556    22.2832 0.0000e+00     7.0000
      3.000    26.1185   5.296644    34.0741    22.2983 0.0000e+00     6.0000
      4.000    26.1273   5.299615    34.0887    22.3067 0.0000e+00    10.0000
      5.000    26.1305   5.300788    34.0945    22.3101 0.0000e+00     5.0000
      6.000    26.1321   5.300890    34.0938    22.3091 0.0000e+00     7.0000
      7.000    26.1311   5.300817    34.0937    22.3094 0.0000e+00    13.0000
      8.000    26.1312   5.300890    34.0938    22.3096 0.0000e+00     5.0000
      9.000    26.1311   5.300955    34.0941    22.3099 0.0000e+00     6.0000
     10.000    26.1308   5.300980    34.0942    22.3101 0.0000e+00     5.0000
     11.000    26.1313   5.301041    34.0940    22.3098 0.0000e+00     7.0000
     12.000    26.1324   5.301120    34.0934    22.3091 0.0000e+00     6.0000
     13.000    26.1324   5.301036    34.0925    22.3085 0.0000e+00     5.0000
     14.000    26.1332   5.301295    34.0935    22.3091 0.0000e+00    10.0000
     15.000    26.1335   5.301393    34.0937    22.3092 0.0000e+00    10.0000
     16.000    26.1338   5.301461    34.0936    22.3092 0.0000e+00     7.0000
     17.000    26.1345   5.301562    34.0935    22.3089 0.0000e+00     4.0000
     18.000    26.1337   5.301383    34.0925    22.3085 0.0000e+00     4.0000
     19.000    26.1110   5.299033    34.0921    22.3153 0.0000e+00     5.0000
     20.000    26.1029   5.298480    34.0938    22.3192 0.0000e+00     9.0000
     21.000    26.1059   5.298796    34.0936    22.3181 0.0000e+00     9.0000
     22.000    26.1016   5.298388    34.0935    22.3195 0.0000e+00     8.0000
     23.000    26.0880   5.297162    34.0944    22.3245 0.0000e+00     5.0000
     24.000    26.0881   5.297175    34.0941    22.3243 0.0000e+00     7.0000
     25.000    26.0976   5.298372    34.0954    22.3224 0.0000e+00     6.0000
     26.000    26.0419   5.291981    34.0903    22.3359 0.0000e+00     5.0000
     27.000    25.9698   5.286435    34.1034    22.3683 0.0000e+00     7.0000
     28.000    25.9381   5.283706    34.1069    22.3808 0.0000e+00     7.0000
     29.000    25.9446   5.283644    34.1013    22.3746 0.0000e+00     4.0000
     30.000    25.8897   5.279027    34.1084    22.3971 0.0000e+00     5.0000
     31.000    25.7654   5.267583    34.1176    22.4425 0.0000e+00     5.0000
     32.000    25.7372   5.266203    34.1283    22.4593 0.0000e+00     8.0000
     33.000    25.7470   5.266957    34.1261    22.4548 0.0000e+00    10.0000
     34.000    25.7306   5.265590    34.1281    22.4614 0.0000e+00     6.0000
     35.000    25.7241   5.265220    34.1300    22.4649 0.0000e+00     5.0000
     36.000    25.7139   5.264474    34.1319    22.4695 0.0000e+00     6.0000
     37.000    25.7176   5.264933    34.1321    22.4686 0.0000e+00     6.0000
     38.000    25.7054   5.263920    34.1336    22.4736 0.0000e+00     9.0000
     39.000    25.6787   5.261896    34.1385    22.4855 0.0000e+00     8.0000
     40.000    25.6774   5.261873    34.1390    22.4864 0.0000e+00     5.0000
     41.000    25.6779   5.261984    34.1391    22.4864 0.0000e+00     6.0000
     42.000    25.6706   5.261373    34.1398    22.4892 0.0000e+00     5.0000
     43.000    25.6538   5.260021    34.1422    22.4963 0.0000e+00     5.0000
