CTD/CNV/E19.CNV
* Sea-Bird SBE 9 Raw Data File:
* FileName = D:\SS4249\CR1267\E19.DAT
* Software Version 4.249
* Temperature SN = 1572
* Conductivity SN = 1344
* Number of Bytes Per Scan = 38
* Number of Voltage Words = 5
* Number of Scans Averaged by the Deck Unit = 4
* NMEA Latitude = 21 53.48 N
* NMEA Longitude = 120 49.37 E
* NMEA UTC (Time) = Dec 26 2007  04:02:58
** Ship:      OR3
** Cruise:    1267
** Station:   E19
** Latitude:  21-53.482
** Longitude: 120-49.408
** 50M
# nquan = 7
# nvalues = 45                          
# units = metric
# name 0 = pr: pressure [db]
# name 1 = t090: temperature, ITS-90 [deg C]
# name 2 = c0S/m: conductivity [S/m]
# name 3 = sal00: salinity, PSS-78 [PSU]
# name 4 = sigma-é00: density, sigma-theta [kg/m^3]
# name 5 = flag:  0.000e+00
# name 6 = nbin: number of scans per bin
# span 0 = 2.000, 46.000                          
# span 1 = 25.7791, 26.1118                       
# span 2 = 5.271399, 5.299634                     
# span 3 = 34.0937, 34.1305                       
# span 4 = 22.3169, 22.4491                       
# span 5 = 0.0000e+00, 0.0000e+00                 
# span 6 = 3.0000, 10.0000                        
# interval = decibars: 1                                
# start_time = Dec 26 2007 04:02:58
# bad_flag = -9.990e-29
*END*
      2.000    26.1022   5.297742    34.0944    22.3186 0.0000e+00     9.0000
      3.000    26.1018   5.297802    34.0949    22.3191 0.0000e+00    10.0000
      4.000    26.1029   5.297943    34.0948    22.3188 0.0000e+00     6.0000
      5.000    26.1031   5.297992    34.0947    22.3187 0.0000e+00     4.0000
      6.000    26.1036   5.298112    34.0949    22.3188 0.0000e+00     4.0000
      7.000    26.1069   5.298442    34.0945    22.3176 0.0000e+00     6.0000
      8.000    26.1078   5.298550    34.0943    22.3172 0.0000e+00     6.0000
      9.000    26.1084   5.298660    34.0943    22.3171 0.0000e+00     4.0000
     10.000    26.1086   5.298709    34.0942    22.3171 0.0000e+00     5.0000
     11.000    26.1087   5.298779    34.0944    22.3172 0.0000e+00     4.0000
     12.000    26.1089   5.298827    34.0943    22.3171 0.0000e+00     4.0000
     13.000    26.1073   5.298660    34.0940    22.3174 0.0000e+00     4.0000
     14.000    26.1064   5.298651    34.0943    22.3180 0.0000e+00     5.0000
     15.000    26.1057   5.298565    34.0938    22.3180 0.0000e+00     5.0000
     16.000    26.1020   5.298316    34.0945    22.3197 0.0000e+00     5.0000
     17.000    26.1035   5.298504    34.0944    22.3193 0.0000e+00     4.0000
     18.000    26.1040   5.298582    34.0943    22.3191 0.0000e+00     5.0000
     19.000    26.1059   5.298800    34.0942    22.3185 0.0000e+00     5.0000
     20.000    26.1041   5.298697    34.0945    22.3193 0.0000e+00     5.0000
     21.000    26.1042   5.298739    34.0944    22.3193 0.0000e+00     4.0000
     22.000    26.1030   5.298673    34.0945    22.3198 0.0000e+00     3.0000
     23.000    26.1042   5.298894    34.0949    22.3198 0.0000e+00     4.0000
     24.000    26.1086   5.299313    34.0944    22.3181 0.0000e+00     4.0000
     25.000    26.1118   5.299634    34.0940    22.3169 0.0000e+00     7.0000
     26.000    26.1109   5.299536    34.0937    22.3170 0.0000e+00     7.0000
     27.000    26.1022   5.298770    34.0943    22.3203 0.0000e+00     4.0000
     28.000    26.1003   5.298747    34.0952    22.3216 0.0000e+00     4.0000
     29.000    26.1010   5.298772    34.0946    22.3210 0.0000e+00     4.0000
     30.000    26.0960   5.298298    34.0946    22.3226 0.0000e+00     3.0000
     31.000    26.0867   5.297429    34.0949    22.3258 0.0000e+00     4.0000
     32.000    26.0733   5.296112    34.0950    22.3302 0.0000e+00     5.0000
     33.000    25.9984   5.289019    34.0990    22.3565 0.0000e+00     5.0000
     34.000    25.9424   5.284520    34.1078    22.3806 0.0000e+00     6.0000
     35.000    25.9019   5.281182    34.1134    22.3974 0.0000e+00     5.0000
     36.000    25.8694   5.278114    34.1150    22.4088 0.0000e+00     4.0000
     37.000    25.8484   5.276734    34.1204    22.4194 0.0000e+00     4.0000
     38.000    25.8359   5.275744    34.1222    22.4247 0.0000e+00     3.0000
     39.000    25.8347   5.275853    34.1236    22.4262 0.0000e+00     4.0000
     40.000    25.8357   5.275951    34.1232    22.4257 0.0000e+00     4.0000
     41.000    25.8309   5.275620    34.1241    22.4279 0.0000e+00     7.0000
     42.000    25.8265   5.275331    34.1250    22.4300 0.0000e+00     6.0000
     43.000    25.8211   5.274804    34.1249    22.4316 0.0000e+00     5.0000
     44.000    25.8071   5.273760    34.1274    22.4379 0.0000e+00     5.0000
     45.000    25.8032   5.273441    34.1277    22.4394 0.0000e+00     4.0000
     46.000    25.7791   5.271399    34.1305    22.4491 0.0000e+00     5.0000
