CTD/CNV/E20.CNV
* Sea-Bird SBE 9 Raw Data File:
* FileName = D:\SS4249\CR1267\E20.DAT
* Software Version 4.249
* Temperature SN = 1572
* Conductivity SN = 1344
* Number of Bytes Per Scan = 38
* Number of Voltage Words = 5
* Number of Scans Averaged by the Deck Unit = 4
* NMEA Latitude = 21 53.42 N
* NMEA Longitude = 120 49.47 E
* NMEA UTC (Time) = Dec 26 2007  05:09:42
** Ship:      OR3
** Cruise:    1267
** Station:   E20
** Latitude:  21-53.430
** Longitude: 120-49.527
** 45M
# nquan = 7
# nvalues = 39                          
# units = metric
# name 0 = pr: pressure [db]
# name 1 = t090: temperature, ITS-90 [deg C]
# name 2 = c0S/m: conductivity [S/m]
# name 3 = sal00: salinity, PSS-78 [PSU]
# name 4 = sigma-é00: density, sigma-theta [kg/m^3]
# name 5 = flag:  0.000e+00
# name 6 = nbin: number of scans per bin
# span 0 = 3.000, 41.000                          
# span 1 = 25.5755, 26.1336                       
# span 2 = 5.248906, 5.301236                     
# span 3 = 34.0212, 34.1203                       
# span 4 = 22.2569, 22.5037                       
# span 5 = 0.0000e+00, 0.0000e+00                 
# span 6 = 3.0000, 14.0000                        
# interval = decibars: 1                                
# start_time = Dec 26 2007 05:09:42
# bad_flag = -9.990e-29
*END*
      3.000    26.1232   5.289808    34.0212    22.2569 0.0000e+00     9.0000
      4.000    26.1231   5.299104    34.0882    22.3075 0.0000e+00     3.0000
      5.000    26.1253   5.295695    34.0616    22.2869 0.0000e+00    10.0000
      6.000    26.1226   5.295771    34.0638    22.2895 0.0000e+00    12.0000
      7.000    26.1275   5.297718    34.0740    22.2957 0.0000e+00    10.0000
      8.000    26.1295   5.295051    34.0529    22.2792 0.0000e+00    12.0000
      9.000    26.1282   5.297588    34.0719    22.2940 0.0000e+00     8.0000
     10.000    26.1147   5.294726    34.0609    22.2900 0.0000e+00    12.0000
     11.000    26.1127   5.295561    34.0681    22.2962 0.0000e+00     7.0000
     12.000    26.1322   5.299293    34.0803    22.2994 0.0000e+00     7.0000
     13.000    26.1336   5.298386    34.0724    22.2930 0.0000e+00    11.0000
     14.000    26.1130   5.296259    34.0720    22.2992 0.0000e+00    13.0000
     15.000    26.1163   5.296550    34.0714    22.2978 0.0000e+00     7.0000
     16.000    26.1330   5.299734    34.0817    22.3004 0.0000e+00     7.0000
     17.000    26.1330   5.300423    34.0864    22.3040 0.0000e+00     8.0000
     18.000    26.1306   5.299773    34.0832    22.3024 0.0000e+00    10.0000
     19.000    26.1285   5.298681    34.0765    22.2981 0.0000e+00    11.0000
     20.000    26.1330   5.300059    34.0829    22.3016 0.0000e+00     7.0000
     21.000    26.1328   5.300998    34.0895    22.3067 0.0000e+00     6.0000
     22.000    26.1308   5.301024    34.0909    22.3084 0.0000e+00     8.0000
     23.000    26.1287   5.300395    34.0876    22.3067 0.0000e+00    14.0000
     24.000    26.1281   5.300373    34.0876    22.3069 0.0000e+00     7.0000
     25.000    26.1275   5.301236    34.0940    22.3120 0.0000e+00     6.0000
     26.000    26.1039   5.299773    34.1006    22.3244 0.0000e+00     4.0000
     27.000    26.0878   5.297997    34.0994    22.3286 0.0000e+00     5.0000
     28.000    26.0757   5.297650    34.1056    22.3371 0.0000e+00     6.0000
     29.000    26.0749   5.297056    34.1016    22.3344 0.0000e+00    10.0000
     30.000    26.0286   5.292281    34.1011    22.3485 0.0000e+00     7.0000
     31.000    25.9441   5.284564    34.1077    22.3798 0.0000e+00     5.0000
     32.000    25.9241   5.281754    34.1019    22.3817 0.0000e+00     3.0000
     33.000    25.8458   5.274222    34.1053    22.4085 0.0000e+00     4.0000
     34.000    25.8002   5.269401    34.1039    22.4216 0.0000e+00     4.0000
     35.000    25.7200   5.261905    34.1089    22.4502 0.0000e+00     4.0000
     36.000    25.6788   5.258234    34.1126    22.4658 0.0000e+00     3.0000
     37.000    25.6729   5.258366    34.1177    22.4715 0.0000e+00     5.0000
     38.000    25.6315   5.253783    34.1149    22.4822 0.0000e+00     8.0000
     39.000    25.5994   5.250969    34.1180    22.4945 0.0000e+00     6.0000
     40.000    25.5982   5.251018    34.1190    22.4957 0.0000e+00    10.0000
     41.000    25.5755   5.248906    34.1203    22.5037 0.0000e+00     3.0000
