CTD/CNV/E22.CNV
* Sea-Bird SBE 9 Raw Data File:
* FileName = D:\SS4249\CR1267\E22.DAT
* Software Version 4.249
* Temperature SN = 1572
* Conductivity SN = 1344
* Number of Bytes Per Scan = 38
* Number of Voltage Words = 5
* Number of Scans Averaged by the Deck Unit = 4
* NMEA Latitude = 21 53.39 N
* NMEA Longitude = 120 49.29 E
* NMEA UTC (Time) = Dec 26 2007  07:09:37
** Ship:      OR3
** Cruise:    1267
** Station:   E22
** Latitude:  21-53.419
** Longitude: 120-49.356
** 52M
# nquan = 7
# nvalues = 46                          
# units = metric
# name 0 = pr: pressure [db]
# name 1 = t090: temperature, ITS-90 [deg C]
# name 2 = c0S/m: conductivity [S/m]
# name 3 = sal00: salinity, PSS-78 [PSU]
# name 4 = sigma-é00: density, sigma-theta [kg/m^3]
# name 5 = flag:  0.000e+00
# name 6 = nbin: number of scans per bin
# span 0 = 3.000, 48.000                          
# span 1 = 25.6770, 26.4089                       
# span 2 = 5.258975, 5.331051                     
# span 3 = 34.0205, 34.1544                       
# span 4 = 22.1675, 22.4695                       
# span 5 = 0.0000e+00, 0.0000e+00                 
# span 6 = 3.0000, 10.0000                        
# interval = decibars: 1                                
# start_time = Dec 26 2007 07:09:37
# bad_flag = -9.990e-29
*END*
      3.000    26.4078   5.318909    34.0205    22.1675 0.0000e+00     7.0000
      4.000    26.4089   5.330708    34.1043    22.2303 0.0000e+00     5.0000
      5.000    26.3871   5.331051    34.1226    22.2510 0.0000e+00     5.0000
      6.000    26.3575   5.326838    34.1139    22.2538 0.0000e+00     4.0000
      7.000    26.3559   5.326300    34.1109    22.2521 0.0000e+00     4.0000
      8.000    26.3460   5.325359    34.1111    22.2555 0.0000e+00     5.0000
      9.000    26.2730   5.321203    34.1350    22.2964 0.0000e+00     6.0000
     10.000    26.1826   5.312620    34.1399    22.3284 0.0000e+00    10.0000
     11.000    26.1100   5.307203    34.1544    22.3620 0.0000e+00     6.0000
     12.000    26.0567   5.296820    34.1185    22.3517 0.0000e+00     5.0000
     13.000    26.0463   5.294305    34.1078    22.3468 0.0000e+00     4.0000
     14.000    26.0414   5.293645    34.1063    22.3473 0.0000e+00     5.0000
     15.000    26.0413   5.293440    34.1046    22.3462 0.0000e+00     4.0000
     16.000    26.0419   5.293396    34.1035    22.3452 0.0000e+00     6.0000
     17.000    26.0626   5.293557    34.0890    22.3279 0.0000e+00     8.0000
     18.000    26.0498   5.294583    34.1057    22.3445 0.0000e+00    10.0000
     19.000    26.0421   5.293847    34.1057    22.3470 0.0000e+00     4.0000
     20.000    26.0227   5.292415    34.1095    22.3560 0.0000e+00     4.0000
     21.000    26.0045   5.290602    34.1096    22.3618 0.0000e+00     4.0000
     22.000    26.0045   5.290472    34.1084    22.3609 0.0000e+00     4.0000
     23.000    26.0081   5.290715    34.1071    22.3589 0.0000e+00     5.0000
     24.000    26.0101   5.290946    34.1070    22.3583 0.0000e+00     7.0000
     25.000    26.0109   5.290994    34.1065    22.3577 0.0000e+00     7.0000
     26.000    26.0097   5.290999    34.1071    22.3586 0.0000e+00     8.0000
     27.000    25.9968   5.290619    34.1136    22.3676 0.0000e+00     6.0000
     28.000    25.9698   5.288494    34.1180    22.3794 0.0000e+00     5.0000
     29.000    25.9344   5.284847    34.1176    22.3901 0.0000e+00     5.0000
     30.000    25.9239   5.283935    34.1185    22.3941 0.0000e+00     6.0000
     31.000    25.9136   5.282765    34.1174    22.3965 0.0000e+00     5.0000
     32.000    25.9130   5.282269    34.1139    22.3942 0.0000e+00     4.0000
     33.000    25.9104   5.281860    34.1126    22.3940 0.0000e+00     4.0000
     34.000    25.9107   5.282185    34.1144    22.3954 0.0000e+00     6.0000
     35.000    25.9049   5.282211    34.1186    22.4004 0.0000e+00     7.0000
     36.000    25.8923   5.282350    34.1287    22.4120 0.0000e+00     9.0000
     37.000    25.8862   5.282289    34.1325    22.4169 0.0000e+00     8.0000
     38.000    25.8665   5.278452    34.1190    22.4128 0.0000e+00     4.0000
     39.000    25.8654   5.277651    34.1137    22.4093 0.0000e+00     3.0000
     40.000    25.8504   5.276613    34.1171    22.4165 0.0000e+00     5.0000
     41.000    25.8407   5.275876    34.1186    22.4207 0.0000e+00     6.0000
     42.000    25.8323   5.275183    34.1196    22.4241 0.0000e+00     5.0000
     43.000    25.8146   5.273717    34.1218    22.4313 0.0000e+00     6.0000
     44.000    25.7732   5.268434    34.1140    22.4383 0.0000e+00     8.0000
     45.000    25.7681   5.267993    34.1143    22.4401 0.0000e+00     5.0000
     46.000    25.7596   5.267002    34.1131    22.4419 0.0000e+00     4.0000
     47.000    25.7165   5.262657    34.1133    22.4555 0.0000e+00     5.0000
     48.000    25.6770   5.258975    34.1157    22.4695 0.0000e+00     3.0000
