CTD/CNV/E23.CNV
* Sea-Bird SBE 9 Raw Data File:
* FileName = D:\SS4249\CR1267\E23.DAT
* Software Version 4.249
* Temperature SN = 1572
* Conductivity SN = 1344
* Number of Bytes Per Scan = 38
* Number of Voltage Words = 5
* Number of Scans Averaged by the Deck Unit = 4
* NMEA Latitude = 21 53.41 N
* NMEA Longitude = 120 49.50 E
* NMEA UTC (Time) = Dec 26 2007  08:18:44
** Ship:      OR3
** Cruise:    1267
** Station:   E23
** Latitude:  21-53.399
** Longitude: 120-49.542
** 45M
# nquan = 7
# nvalues = 40                          
# units = metric
# name 0 = pr: pressure [db]
# name 1 = t090: temperature, ITS-90 [deg C]
# name 2 = c0S/m: conductivity [S/m]
# name 3 = sal00: salinity, PSS-78 [PSU]
# name 4 = sigma-é00: density, sigma-theta [kg/m^3]
# name 5 = flag:  0.000e+00
# name 6 = nbin: number of scans per bin
# span 0 = 2.000, 41.000                          
# span 1 = 25.5698, 26.1909                       
# span 2 = 5.248527, 5.310684                     
# span 3 = 34.0005, 34.1493                       
# span 4 = 22.2277, 22.5066                       
# span 5 = 0.0000e+00, 0.0000e+00                 
# span 6 = 3.0000, 8.0000                         
# interval = decibars: 1                                
# start_time = Dec 26 2007 08:18:44
# bad_flag = -9.990e-29
*END*
      2.000    26.1670   5.291401    34.0005    22.2277 0.0000e+00     7.0000
      3.000    26.1889   5.307148    34.0978    22.2942 0.0000e+00     5.0000
      4.000    26.1909   5.310277    34.1186    22.3093 0.0000e+00     4.0000
      5.000    26.1885   5.310626    34.1226    22.3132 0.0000e+00     4.0000
      6.000    26.1896   5.310684    34.1219    22.3124 0.0000e+00     5.0000
      7.000    26.1765   5.309940    34.1259    22.3196 0.0000e+00     6.0000
      8.000    26.1719   5.309158    34.1234    22.3192 0.0000e+00     5.0000
      9.000    26.1748   5.309654    34.1245    22.3192 0.0000e+00     4.0000
     10.000    26.1656   5.309184    34.1277    22.3245 0.0000e+00     3.0000
     11.000    26.1511   5.307785    34.1280    22.3293 0.0000e+00     4.0000
     12.000    26.1384   5.306633    34.1288    22.3340 0.0000e+00     4.0000
     13.000    26.1275   5.305432    34.1279    22.3368 0.0000e+00     4.0000
     14.000    26.1143   5.304748    34.1325    22.3444 0.0000e+00     5.0000
     15.000    26.0830   5.301808    34.1342    22.3555 0.0000e+00     6.0000
     16.000    26.0656   5.300151    34.1348    22.3615 0.0000e+00     5.0000
     17.000    26.0314   5.298205    34.1459    22.3805 0.0000e+00     6.0000
     18.000    25.9782   5.293256    34.1493    22.3997 0.0000e+00     5.0000
     19.000    25.9342   5.287135    34.1374    22.4044 0.0000e+00     4.0000
     20.000    25.8982   5.282816    34.1326    22.4120 0.0000e+00     3.0000
     21.000    25.8482   5.278507    34.1383    22.4318 0.0000e+00     4.0000
     22.000    25.7827   5.271851    34.1384    22.4523 0.0000e+00     4.0000
     23.000    25.7632   5.269798    34.1378    22.4579 0.0000e+00     5.0000
     24.000    25.7575   5.269239    34.1376    22.4596 0.0000e+00     5.0000
     25.000    25.7525   5.269254    34.1412    22.4639 0.0000e+00     6.0000
     26.000    25.7481   5.268691    34.1401    22.4645 0.0000e+00     6.0000
     27.000    25.7470   5.267871    34.1346    22.4608 0.0000e+00     5.0000
     28.000    25.7429   5.267280    34.1331    22.4609 0.0000e+00     5.0000
     29.000    25.7453   5.266962    34.1287    22.4569 0.0000e+00     4.0000
     30.000    25.7273   5.265002    34.1275    22.4617 0.0000e+00     3.0000
     31.000    25.7082   5.262843    34.1258    22.4663 0.0000e+00     4.0000
     32.000    25.6928   5.261367    34.1262    22.4715 0.0000e+00     3.0000
     33.000    25.6868   5.260763    34.1260    22.4732 0.0000e+00     4.0000
     34.000    25.6844   5.260922    34.1286    22.4760 0.0000e+00     6.0000
     35.000    25.6743   5.258999    34.1218    22.4741 0.0000e+00     7.0000
     36.000    25.6742   5.258944    34.1212    22.4737 0.0000e+00     8.0000
     37.000    25.6715   5.258721    34.1213    22.4747 0.0000e+00     5.0000
     38.000    25.6572   5.256774    34.1175    22.4763 0.0000e+00     4.0000
     39.000    25.6012   5.251206    34.1184    22.4943 0.0000e+00     3.0000
     40.000    25.5922   5.250733    34.1214    22.4994 0.0000e+00     3.0000
     41.000    25.5698   5.248527    34.1218    22.5066 0.0000e+00     4.0000
