CTD/CNV/E24.CNV
* Sea-Bird SBE 9 Raw Data File:
* FileName = D:\SS4249\CR1267\E24.DAT
* Software Version 4.249
* Temperature SN = 1572
* Conductivity SN = 1344
* Number of Bytes Per Scan = 38
* Number of Voltage Words = 5
* Number of Scans Averaged by the Deck Unit = 4
* NMEA Latitude = 21 53.38 N
* NMEA Longitude = 120 49.52 E
* NMEA UTC (Time) = Dec 26 2007  09:17:20
** Ship:      OR3
** Cruise:    1267
** Station:   E24
** Latitude:  21-53.362
** Longitude: 120-49.570
** 45M
# nquan = 7
# nvalues = 40                          
# units = metric
# name 0 = pr: pressure [db]
# name 1 = t090: temperature, ITS-90 [deg C]
# name 2 = c0S/m: conductivity [S/m]
# name 3 = sal00: salinity, PSS-78 [PSU]
# name 4 = sigma-é00: density, sigma-theta [kg/m^3]
# name 5 = flag:  0.000e+00
# name 6 = nbin: number of scans per bin
# span 0 = 2.000, 41.000                          
# span 1 = 25.6258, 26.0436                       
# span 2 = 5.257092, 5.295811                     
# span 3 = 33.9464, 34.1440                       
# span 4 = 22.2310, 22.5062                       
# span 5 = 0.0000e+00, 0.0000e+00                 
# span 6 = 3.0000, 9.0000                         
# interval = decibars: 1                                
# start_time = Dec 26 2007 09:17:20
# bad_flag = -9.990e-29
*END*
      2.000    26.0250   5.269384    33.9464    22.2310 0.0000e+00     6.0000
      3.000    26.0276   5.288083    34.0796    22.3307 0.0000e+00     9.0000
      4.000    26.0329   5.291531    34.1004    22.3448 0.0000e+00     9.0000
      5.000    26.0339   5.293244    34.1117    22.3531 0.0000e+00     6.0000
      6.000    26.0371   5.294501    34.1181    22.3570 0.0000e+00     4.0000
      7.000    26.0407   5.295358    34.1214    22.3584 0.0000e+00     3.0000
      8.000    26.0436   5.295811    34.1222    22.3582 0.0000e+00     3.0000
      9.000    26.0356   5.295179    34.1233    22.3616 0.0000e+00     4.0000
     10.000    26.0278   5.294441    34.1234    22.3642 0.0000e+00     4.0000
     11.000    26.0230   5.293464    34.1196    22.3629 0.0000e+00     6.0000
     12.000    26.0228   5.293056    34.1165    22.3607 0.0000e+00     6.0000
     13.000    26.0132   5.293011    34.1230    22.3686 0.0000e+00     4.0000
     14.000    26.0022   5.292268    34.1255    22.3740 0.0000e+00     4.0000
     15.000    26.0061   5.292813    34.1263    22.3734 0.0000e+00     3.0000
     16.000    26.0056   5.292926    34.1271    22.3743 0.0000e+00     3.0000
     17.000    25.9999   5.292708    34.1295    22.3779 0.0000e+00     3.0000
     18.000    25.9668   5.289469    34.1304    22.3889 0.0000e+00     4.0000
     19.000    25.9649   5.288983    34.1279    22.3878 0.0000e+00     5.0000
     20.000    25.9684   5.289155    34.1263    22.3855 0.0000e+00     5.0000
     21.000    25.9639   5.289203    34.1297    22.3895 0.0000e+00     4.0000
     22.000    25.9228   5.285824    34.1355    22.4067 0.0000e+00     4.0000
     23.000    25.9043   5.283487    34.1320    22.4099 0.0000e+00     4.0000
     24.000    25.9110   5.283976    34.1303    22.4066 0.0000e+00     5.0000
     25.000    25.9125   5.284400    34.1319    22.4074 0.0000e+00     3.0000
     26.000    25.9051   5.283672    34.1318    22.4097 0.0000e+00     4.0000
     27.000    25.9116   5.284372    34.1318    22.4077 0.0000e+00     4.0000
     28.000    25.9049   5.283911    34.1331    22.4109 0.0000e+00     4.0000
     29.000    25.8706   5.281095    34.1379    22.4252 0.0000e+00     5.0000
     30.000    25.8705   5.280331    34.1322    22.4209 0.0000e+00     4.0000
     31.000    25.8432   5.278626    34.1398    22.4352 0.0000e+00     4.0000
     32.000    25.7897   5.272973    34.1383    22.4507 0.0000e+00     5.0000
     33.000    25.7758   5.271317    34.1364    22.4536 0.0000e+00     4.0000
     34.000    25.7466   5.269002    34.1410    22.4662 0.0000e+00     4.0000
     35.000    25.7090   5.265404    34.1426    22.4791 0.0000e+00     4.0000
     36.000    25.6850   5.263036    34.1430    22.4868 0.0000e+00     4.0000
     37.000    25.6731   5.261567    34.1409    22.4889 0.0000e+00     4.0000
     38.000    25.6622   5.260623    34.1418    22.4931 0.0000e+00     4.0000
     39.000    25.6417   5.258371    34.1404    22.4984 0.0000e+00     3.0000
     40.000    25.6278   5.257092    34.1412    22.5033 0.0000e+00     4.0000
     41.000    25.6258   5.257317    34.1440    22.5062 0.0000e+00     3.0000
