CTD/CNV/E25.CNV
* Sea-Bird SBE 9 Raw Data File:
* FileName = D:\SS4249\CR1267\E25.DAT
* Software Version 4.249
* Temperature SN = 1572
* Conductivity SN = 1344
* Number of Bytes Per Scan = 38
* Number of Voltage Words = 5
* Number of Scans Averaged by the Deck Unit = 4
* NMEA Latitude = 21 53.38 N
* NMEA Longitude = 120 49.30 E
* NMEA UTC (Time) = Dec 26 2007  10:18:23
** Ship:      OR3
** Cruise:    1267
** Station:   E25
** Latitude:  21-53.386
** Longitude: 120-49.381
** 50M
# nquan = 7
# nvalues = 43                          
# units = metric
# name 0 = pr: pressure [db]
# name 1 = t090: temperature, ITS-90 [deg C]
# name 2 = c0S/m: conductivity [S/m]
# name 3 = sal00: salinity, PSS-78 [PSU]
# name 4 = sigma-é00: density, sigma-theta [kg/m^3]
# name 5 = flag:  0.000e+00
# name 6 = nbin: number of scans per bin
# span 0 = 3.000, 45.000                          
# span 1 = 25.6417, 25.9453                       
# span 2 = 5.262958, 5.287964                     
# span 3 = 34.0423, 34.1762                       
# span 4 = 22.3364, 22.5258                       
# span 5 = 0.0000e+00, 0.0000e+00                 
# span 6 = 3.0000, 12.0000                        
# interval = decibars: 1                                
# start_time = Dec 26 2007 10:18:23
# bad_flag = -9.990e-29
*END*
      3.000    25.9185   5.271748    34.0423    22.3364 0.0000e+00     8.0000
      4.000    25.9243   5.278467    34.0864    22.3680 0.0000e+00     8.0000
      5.000    25.9245   5.281013    34.1045    22.3816 0.0000e+00     5.0000
      6.000    25.9279   5.283457    34.1194    22.3919 0.0000e+00     5.0000
      7.000    25.9324   5.284183    34.1210    22.3918 0.0000e+00     4.0000
      8.000    25.9272   5.283275    34.1180    22.3912 0.0000e+00     7.0000
      9.000    25.9251   5.283205    34.1187    22.3924 0.0000e+00     5.0000
     10.000    25.9301   5.284198    34.1219    22.3934 0.0000e+00     5.0000
     11.000    25.9316   5.284465    34.1224    22.3934 0.0000e+00     5.0000
     12.000    25.9335   5.284375    34.1200    22.3910 0.0000e+00     6.0000
     13.000    25.9363   5.285156    34.1233    22.3927 0.0000e+00     5.0000
     14.000    25.9321   5.285409    34.1280    22.3976 0.0000e+00     5.0000
     15.000    25.9390   5.286479    34.1303    22.3973 0.0000e+00     3.0000
     16.000    25.9352   5.286291    34.1315    22.3994 0.0000e+00     4.0000
     17.000    25.9368   5.286266    34.1298    22.3977 0.0000e+00     5.0000
     18.000    25.9325   5.284112    34.1170    22.3895 0.0000e+00    12.0000
     19.000    25.9214   5.282752    34.1151    22.3916 0.0000e+00     6.0000
     20.000    25.9353   5.286135    34.1290    22.3978 0.0000e+00     4.0000
     21.000    25.9365   5.286864    34.1331    22.4006 0.0000e+00     4.0000
     22.000    25.9354   5.286975    34.1344    22.4020 0.0000e+00     3.0000
     23.000    25.9347   5.286981    34.1347    22.4025 0.0000e+00     4.0000
     24.000    25.9364   5.287022    34.1334    22.4011 0.0000e+00     5.0000
     25.000    25.9402   5.287229    34.1318    22.3987 0.0000e+00     5.0000
     26.000    25.9407   5.286734    34.1275    22.3954 0.0000e+00     7.0000
     27.000    25.9453   5.287192    34.1271    22.3938 0.0000e+00     6.0000
     28.000    25.9446   5.287964    34.1329    22.3984 0.0000e+00     4.0000
     29.000    25.9397   5.287938    34.1361    22.4024 0.0000e+00     5.0000
     30.000    25.9372   5.287675    34.1358    22.4030 0.0000e+00     4.0000
     31.000    25.9398   5.287913    34.1352    22.4019 0.0000e+00     5.0000
     32.000    25.9361   5.287746    34.1365    22.4040 0.0000e+00     6.0000
     33.000    25.9249   5.286883    34.1383    22.4089 0.0000e+00     6.0000
     34.000    25.9158   5.286168    34.1396    22.4128 0.0000e+00     5.0000
     35.000    25.8871   5.284229    34.1466    22.4270 0.0000e+00     4.0000
     36.000    25.8601   5.282166    34.1514    22.4391 0.0000e+00     5.0000
     37.000    25.7835   5.276577    34.1677    22.4751 0.0000e+00     6.0000
     38.000    25.7478   5.273092    34.1687    22.4870 0.0000e+00     8.0000
     39.000    25.7338   5.270783    34.1620    22.4863 0.0000e+00     5.0000
     40.000    25.7331   5.269605    34.1537    22.4803 0.0000e+00     4.0000
     41.000    25.7149   5.267770    34.1536    22.4860 0.0000e+00     3.0000
     42.000    25.7187   5.268307    34.1544    22.4854 0.0000e+00     3.0000
     43.000    25.6813   5.265495    34.1615    22.5024 0.0000e+00     3.0000
     44.000    25.6555   5.262958    34.1620    22.5108 0.0000e+00     5.0000
     45.000    25.6417   5.263526    34.1762    22.5258 0.0000e+00     7.0000
