CTD/CNV/E26.CNV
* Sea-Bird SBE 9 Raw Data File:
* FileName = D:\SS4249\CR1267\E26.DAT
* Software Version 4.249
* Temperature SN = 1572
* Conductivity SN = 1344
* Number of Bytes Per Scan = 38
* Number of Voltage Words = 5
* Number of Scans Averaged by the Deck Unit = 4
* NMEA Latitude = 21 53.36 N
* NMEA Longitude = 120 49.39 E
* NMEA UTC (Time) = Dec 26 2007  11:23:21
** Ship:      OR3
** Cruise:    1267
** Station:   E26
** Latitude:  21-53.342
** Longitude: 120-49.504
** 45M
# nquan = 7
# nvalues = 39                          
# units = metric
# name 0 = pr: pressure [db]
# name 1 = t090: temperature, ITS-90 [deg C]
# name 2 = c0S/m: conductivity [S/m]
# name 3 = sal00: salinity, PSS-78 [PSU]
# name 4 = sigma-é00: density, sigma-theta [kg/m^3]
# name 5 = flag:  0.000e+00
# name 6 = nbin: number of scans per bin
# span 0 = 2.000, 40.000                          
# span 1 = 24.9058, 25.5967                       
# span 2 = 5.159698, 5.236772                     
# span 3 = 33.7146, 34.1890                       
# span 4 = 22.2100, 22.7311                       
# span 5 = 0.0000e+00, 0.0000e+00                 
# span 6 = 3.0000, 11.0000                        
# interval = decibars: 1                                
# start_time = Dec 26 2007 11:23:21
# bad_flag = -9.990e-29
*END*
      2.000    25.5391   5.226610    33.9965    22.4188 0.0000e+00     7.0000
      3.000    25.5660   5.205616    33.8228    22.2796 0.0000e+00    11.0000
      4.000    25.2335   5.191915    33.9700    22.4924 0.0000e+00     9.0000
      5.000    25.5189   5.199246    33.8106    22.2850 0.0000e+00    10.0000
      6.000    25.1096   5.182025    33.9895    22.5450 0.0000e+00    10.0000
      7.000    24.9058   5.159698    33.9776    22.5977 0.0000e+00    11.0000
      8.000    24.9696   5.162542    33.9503    22.5579 0.0000e+00     7.0000
      9.000    25.5282   5.187219    33.7146    22.2100 0.0000e+00     7.0000
     10.000    25.5957   5.210839    33.8367    22.2814 0.0000e+00     7.0000
     11.000    25.5967   5.206597    33.8047    22.2571 0.0000e+00     7.0000
     12.000    25.5583   5.222455    33.9487    22.3776 0.0000e+00     5.0000
     13.000    25.4713   5.236772    34.1182    22.5322 0.0000e+00     4.0000
     14.000    25.3797   5.228896    34.1289    22.5684 0.0000e+00     4.0000
     15.000    25.3272   5.223881    34.1312    22.5863 0.0000e+00     5.0000
     16.000    25.3133   5.220742    34.1183    22.5808 0.0000e+00     9.0000
     17.000    25.3118   5.219272    34.1083    22.5738 0.0000e+00     7.0000
     18.000    25.3201   5.223794    34.1350    22.5915 0.0000e+00     5.0000
     19.000    25.2960   5.223090    34.1476    22.6085 0.0000e+00     5.0000
     20.000    25.2894   5.222227    34.1459    22.6093 0.0000e+00     4.0000
     21.000    25.2851   5.221908    34.1465    22.6111 0.0000e+00     5.0000
     22.000    25.2788   5.221029    34.1445    22.6115 0.0000e+00     4.0000
     23.000    25.2590   5.219924    34.1510    22.6225 0.0000e+00     6.0000
     24.000    25.2366   5.216990    34.1459    22.6256 0.0000e+00     5.0000
     25.000    25.2286   5.215735    34.1424    22.6255 0.0000e+00     5.0000
     26.000    25.2266   5.215411    34.1412    22.6253 0.0000e+00     4.0000
     27.000    25.2188   5.214740    34.1419    22.6282 0.0000e+00     5.0000
     28.000    25.2123   5.214181    34.1423    22.6306 0.0000e+00     5.0000
     29.000    25.2079   5.213665    34.1415    22.6314 0.0000e+00     5.0000
     30.000    25.2001   5.213445    34.1455    22.6368 0.0000e+00     6.0000
     31.000    25.1943   5.213100    34.1470    22.6398 0.0000e+00     7.0000
     32.000    25.1758   5.211420    34.1483    22.6464 0.0000e+00     5.0000
     33.000    25.1389   5.207367    34.1459    22.6559 0.0000e+00     4.0000
     34.000    25.1207   5.205379    34.1447    22.6606 0.0000e+00     3.0000
     35.000    25.1058   5.204165    34.1467    22.6667 0.0000e+00     4.0000
     36.000    25.0778   5.202262    34.1534    22.6804 0.0000e+00     4.0000
     37.000    25.0503   5.200103    34.1579    22.6922 0.0000e+00     5.0000
     38.000    25.0465   5.199335    34.1548    22.6910 0.0000e+00     5.0000
     39.000    25.0288   5.199755    34.1710    22.7087 0.0000e+00     7.0000
     40.000    25.0000   5.199284    34.1890    22.7311 0.0000e+00     5.0000
