CTD/CNV/E27.CNV
* Sea-Bird SBE 9 Raw Data File:
* FileName = D:\SS4249\CR1267\E27.DAT
* Software Version 4.249
* Temperature SN = 1572
* Conductivity SN = 1344
* Number of Bytes Per Scan = 38
* Number of Voltage Words = 5
* Number of Scans Averaged by the Deck Unit = 4
* NMEA Latitude = 21 53.41 N
* NMEA Longitude = 120 49.30 E
* NMEA UTC (Time) = Dec 26 2007  12:20:40
** Ship:      OR3
** Cruise:    1267
** Station:   E27
** Latitude:  21-53.410
** Longitude: 120-49.341
** 54M
# nquan = 7
# nvalues = 50                          
# units = metric
# name 0 = pr: pressure [db]
# name 1 = t090: temperature, ITS-90 [deg C]
# name 2 = c0S/m: conductivity [S/m]
# name 3 = sal00: salinity, PSS-78 [PSU]
# name 4 = sigma-é00: density, sigma-theta [kg/m^3]
# name 5 = flag:  0.000e+00
# name 6 = nbin: number of scans per bin
# span 0 = 2.000, 51.000                          
# span 1 = 24.8953, 26.3896                       
# span 2 = 5.186445, 5.338531                     
# span 3 = 34.0997, 34.1832                       
# span 4 = 22.2417, 22.7491                       
# span 5 = 0.0000e+00, 0.0000e+00                 
# span 6 = 3.0000, 13.0000                        
# interval = decibars: 1                                
# start_time = Dec 26 2007 12:20:40
# bad_flag = -9.990e-29
*END*
      2.000    26.3181   5.320646    34.0997    22.2552 0.0000e+00    10.0000
      3.000    26.3620   5.325244    34.1000    22.2417 0.0000e+00    13.0000
      4.000    26.3743   5.334376    34.1563    22.2804 0.0000e+00     9.0000
      5.000    26.3716   5.333870    34.1544    22.2798 0.0000e+00    10.0000
      6.000    26.3740   5.335519    34.1642    22.2865 0.0000e+00     6.0000
      7.000    26.3726   5.335744    34.1665    22.2888 0.0000e+00     5.0000
      8.000    26.3753   5.336064    34.1665    22.2881 0.0000e+00     5.0000
      9.000    26.3776   5.336347    34.1666    22.2874 0.0000e+00     8.0000
     10.000    26.3783   5.335691    34.1610    22.2831 0.0000e+00    11.0000
     11.000    26.3812   5.336259    34.1626    22.2835 0.0000e+00     7.0000
     12.000    26.3827   5.336365    34.1620    22.2826 0.0000e+00     9.0000
     13.000    26.3847   5.337283    34.1668    22.2857 0.0000e+00     5.0000
     14.000    26.3868   5.337935    34.1697    22.2872 0.0000e+00     4.0000
     15.000    26.3896   5.338531    34.1716    22.2879 0.0000e+00     4.0000
     16.000    26.3821   5.337761    34.1713    22.2901 0.0000e+00     8.0000
     17.000    26.3800   5.337139    34.1681    22.2884 0.0000e+00     9.0000
     18.000    26.3763   5.337016    34.1696    22.2908 0.0000e+00     7.0000
     19.000    26.3774   5.337252    34.1702    22.2909 0.0000e+00     6.0000
     20.000    26.3695   5.336544    34.1707    22.2938 0.0000e+00     5.0000
     21.000    26.3664   5.335743    34.1669    22.2920 0.0000e+00     6.0000
     22.000    26.3763   5.336871    34.1674    22.2894 0.0000e+00     5.0000
     23.000    26.3805   5.337662    34.1696    22.2898 0.0000e+00     6.0000
     24.000    26.3695   5.336651    34.1702    22.2938 0.0000e+00     5.0000
     25.000    26.3625   5.335843    34.1693    22.2954 0.0000e+00     4.0000
     26.000    26.3546   5.334756    34.1670    22.2962 0.0000e+00     5.0000
     27.000    26.3530   5.334725    34.1677    22.2973 0.0000e+00    11.0000
     28.000    26.3547   5.334711    34.1660    22.2956 0.0000e+00     6.0000
     29.000    26.3515   5.334698    34.1680    22.2981 0.0000e+00     7.0000
     30.000    26.3377   5.333392    34.1685    22.3029 0.0000e+00     4.0000
     31.000    26.3274   5.331913    34.1652    22.3037 0.0000e+00     4.0000
     32.000    26.2864   5.327743    34.1653    22.3167 0.0000e+00     3.0000
     33.000    26.2510   5.323232    34.1587    22.3228 0.0000e+00     3.0000
     34.000    26.2214   5.320239    34.1588    22.3322 0.0000e+00     3.0000
     35.000    26.2019   5.319313    34.1663    22.3440 0.0000e+00     7.0000
     36.000    26.1996   5.321451    34.1832    22.3575 0.0000e+00    12.0000
     37.000    26.1622   5.317649    34.1832    22.3693 0.0000e+00     6.0000
     38.000    26.1065   5.308893    34.1610    22.3700 0.0000e+00     4.0000
     39.000    25.9899   5.298423    34.1717    22.4144 0.0000e+00     3.0000
     40.000    25.7594   5.265606    34.1049    22.4354 0.0000e+00     3.0000
     41.000    25.4011   5.231353    34.1225    22.5589 0.0000e+00     3.0000
     42.000    25.2636   5.220422    34.1453    22.6181 0.0000e+00     4.0000
     43.000    25.1584   5.210403    34.1505    22.6541 0.0000e+00     5.0000
     44.000    25.0649   5.202075    34.1593    22.6892 0.0000e+00     7.0000
     45.000    25.0069   5.196827    34.1641    22.7105 0.0000e+00    10.0000
     46.000    24.9752   5.193607    34.1639    22.7200 0.0000e+00     5.0000
     47.000    24.9345   5.190101    34.1684    22.7358 0.0000e+00     4.0000
     48.000    24.9498   5.191175    34.1645    22.7283 0.0000e+00     3.0000
     49.000    24.9232   5.188801    34.1668    22.7381 0.0000e+00     4.0000
     50.000    24.8953   5.186445    34.1701    22.7491 0.0000e+00     4.0000
     51.000    24.9080   5.188046    34.1720    22.7468 0.0000e+00     3.0000
